9.888261948400000000e+15 7.988743588399999743e+36 1.995949999999999894e+39 1.000000000000000000e+00 0.000000000000000000e+00
9.838782369600000000e+15 7.944211967400000325e+36 1.990950000000000061e+39 1.000000000000000000e+00 0.000000000000000000e+00
9.789426896100000000e+15 7.899792041300000583e+36 1.985949999999999926e+39 1.000000000000000000e+00 0.000000000000000000e+00
9.740195528000000000e+15 7.855483810100000518e+36 1.980950000000000094e+39 1.000000000000000000e+00 0.000000000000000000e+00
9.691088265400000000e+15 7.811287273700000477e+36 1.975949999999999959e+39 1.000000000000000000e+00 0.000000000000000000e+00
9.642105108100000000e+15 7.767202432100000459e+36 1.970950000000000126e+39 1.000000000000000000e+00 0.000000000000000000e+00
9.593246056200000000e+15 7.723229285400000118e+36 1.965949999999999991e+39 1.000000000000000000e+00 0.000000000000000000e+00
9.544511109700000000e+15 7.679367833599999453e+36 1.960949999999999856e+39 1.000000000000000000e+00 0.000000000000000000e+00
9.495900268600000000e+15 7.635618076599999993e+36 1.955950000000000023e+39 1.000000000000000000e+00 0.000000000000000000e+00
9.447413532900000000e+15 7.591980014400000556e+36 1.950949999999999888e+39 1.000000000000000000e+00 0.000000000000000000e+00
9.399050902600000000e+15 7.548453647099999616e+36 1.945950000000000056e+39 1.000000000000000000e+00 0.000000000000000000e+00
9.350812377600000000e+15 7.505038974699999531e+36 1.940949999999999921e+39 1.000000000000000000e+00 0.000000000000000000e+00
9.302697958100000000e+15 7.461735997099999471e+36 1.935950000000000088e+39 1.000000000000000000e+00 0.000000000000000000e+00
9.254707644000000000e+15 7.418544714400000268e+36 1.930949999999999953e+39 1.000000000000000000e+00 0.000000000000000000e+00
9.206841435200000000e+15 7.375465126499999908e+36 1.925950000000000120e+39 1.000000000000000000e+00 0.000000000000000000e+00
9.159099331900000000e+15 7.332497233500000405e+36 1.920949999999999985e+39 1.000000000000000000e+00 0.000000000000000000e+00
9.111481333900000000e+15 7.289641035299999745e+36 1.915949999999999850e+39 1.000000000000000000e+00 0.000000000000000000e+00
9.063987441300000000e+15 7.246896531999999942e+36 1.910950000000000018e+39 1.000000000000000000e+00 0.000000000000000000e+00
9.016617654100000000e+15 7.204263723500000163e+36 1.905949999999999883e+39 1.000000000000000000e+00 0.000000000000000000e+00
8.969371972400000000e+15 7.161742609900000060e+36 1.900950000000000050e+39 1.000000000000000000e+00 0.000000000000000000e+00
8.922250396000000000e+15 7.119333191199999633e+36 1.895949999999999915e+39 1.000000000000000000e+00 0.000000000000000000e+00
8.875252925000000000e+15 7.077035467300000411e+36 1.890950000000000082e+39 1.000000000000000000e+00 0.000000000000000000e+00
8.828379559300000000e+15 7.034849438200000032e+36 1.885949999999999948e+39 1.000000000000000000e+00 0.000000000000000000e+00
8.781630299100000000e+15 6.992775104000000510e+36 1.880950000000000115e+39 1.000000000000000000e+00 0.000000000000000000e+00
8.735005144300000000e+15 6.950812464699999484e+36 1.875949999999999980e+39 1.000000000000000000e+00 0.000000000000000000e+00
8.688504094900000000e+15 6.908961520199999662e+36 1.870950000000000147e+39 1.000000000000000000e+00 0.000000000000000000e+00
8.642127150800000000e+15 6.867222270599999516e+36 1.865950000000000012e+39 1.000000000000000000e+00 0.000000000000000000e+00
8.595874312200000000e+15 6.825594715800000575e+36 1.860949999999999877e+39 1.000000000000000000e+00 0.000000000000000000e+00
8.549745578900000000e+15 6.784078855800000477e+36 1.855950000000000045e+39 1.000000000000000000e+00 0.000000000000000000e+00
8.503740951000000000e+15 6.742674690799999708e+36 1.850949999999999910e+39 1.000000000000000000e+00 0.000000000000000000e+00
8.457860428600000000e+15 6.701382220500000491e+36 1.845950000000000077e+39 1.000000000000000000e+00 0.000000000000000000e+00
8.412104011500000000e+15 6.660201445199999421e+36 1.840949999999999942e+39 1.000000000000000000e+00 0.000000000000000000e+00
8.366471699800000000e+15 6.619132364599999905e+36 1.835950000000000109e+39 1.000000000000000000e+00 0.000000000000000000e+00
8.320963493500000000e+15 6.578174978999999716e+36 1.830949999999999974e+39 1.000000000000000000e+00 0.000000000000000000e+00
8.275579392600000000e+15 6.537329288199999551e+36 1.825950000000000142e+39 1.000000000000000000e+00 0.000000000000000000e+00
8.230319397100000000e+15 6.496595292199999411e+36 1.820950000000000007e+39 1.000000000000000000e+00 0.000000000000000000e+00
8.185183507000000000e+15 6.455972991100000127e+36 1.815949999999999872e+39 1.000000000000000000e+00 0.000000000000000000e+00
8.140171722200000000e+15 6.415462384799999687e+36 1.810950000000000039e+39 1.000000000000000000e+00 0.000000000000000000e+00
8.095284042900000000e+15 6.375063473400000103e+36 1.805949999999999904e+39 1.000000000000000000e+00 0.000000000000000000e+00
8.050520469000000000e+15 6.334776256900000196e+36 1.800950000000000071e+39 1.000000000000000000e+00 0.000000000000000000e+00
8.005881000400000000e+15 6.294600735200000312e+36 1.795949999999999936e+39 1.000000000000000000e+00 0.000000000000000000e+00
7.961365637200000000e+15 6.254536908300000453e+36 1.790950000000000104e+39 1.000000000000000000e+00 0.000000000000000000e+00
7.916974379500000000e+15 6.214584776399999921e+36 1.785949999999999969e+39 1.000000000000000000e+00 0.000000000000000000e+00
7.872707227100000000e+15 6.174744339199999762e+36 1.780950000000000136e+39 1.000000000000000000e+00 0.000000000000000000e+00
7.828564180100000000e+15 6.135015596900000460e+36 1.775950000000000001e+39 1.000000000000000000e+00 0.000000000000000000e+00
7.784545238500000000e+15 6.095398549499999652e+36 1.770949999999999866e+39 1.000000000000000000e+00 0.000000000000000000e+00
7.740650402300000000e+15 6.055893196900000050e+36 1.765950000000000033e+39 1.000000000000000000e+00 0.000000000000000000e+00
7.696879671500000000e+15 6.016499539200000124e+36 1.760949999999999898e+39 1.000000000000000000e+00 0.000000000000000000e+00
7.653233046100000000e+15 5.977217576300000221e+36 1.755950000000000066e+39 1.000000000000000000e+00 0.000000000000000000e+00
7.609710526100000000e+15 5.938047308299999995e+36 1.750949999999999931e+39 1.000000000000000000e+00 0.000000000000000000e+00
7.566312111500000000e+15 5.898988735099999793e+36 1.745950000000000098e+39 1.000000000000000000e+00 0.000000000000000000e+00
7.523037802200000000e+15 5.860041856800000448e+36 1.740949999999999963e+39 1.000000000000000000e+00 0.000000000000000000e+00
7.479887598400000000e+15 5.821206673399999598e+36 1.735950000000000130e+39 1.000000000000000000e+00 0.000000000000000000e+00
7.436861499900000000e+15 5.782483184799999953e+36 1.730949999999999995e+39 1.000000000000000000e+00 0.000000000000000000e+00
7.393959506900000000e+15 5.743871391000000331e+36 1.725949999999999860e+39 1.000000000000000000e+00 0.000000000000000000e+00
7.351181619200000000e+15 5.705371292100000386e+36 1.720950000000000028e+39 1.000000000000000000e+00 0.000000000000000000e+00
7.308527836900000000e+15 5.666982888100000117e+36 1.715949999999999893e+39 1.000000000000000000e+00 0.000000000000000000e+00
7.265998160100000000e+15 5.628706178899999872e+36 1.710950000000000060e+39 1.000000000000000000e+00 0.000000000000000000e+00
7.223592588600000000e+15 5.590541164499999651e+36 1.705949999999999925e+39 1.000000000000000000e+00 0.000000000000000000e+00
7.181311122500000000e+15 5.552487845000000287e+36 1.700950000000000092e+39 1.000000000000000000e+00 0.000000000000000000e+00
7.139153761800000000e+15 5.514546220399999419e+36 1.695949999999999957e+39 1.000000000000000000e+00 0.000000000000000000e+00
7.097120506500000000e+15 5.476716290599999755e+36 1.690950000000000125e+39 1.000000000000000000e+00 0.000000000000000000e+00
7.055211356500000000e+15 5.438998055699999767e+36 1.685949999999999990e+39 1.000000000000000000e+00 0.000000000000000000e+00
7.013426312000000000e+15 5.401391515599999803e+36 1.680949999999999855e+39 1.000000000000000000e+00 0.000000000000000000e+00
6.971765372900000000e+15 5.363896670399999515e+36 1.675950000000000022e+39 1.000000000000000000e+00 0.000000000000000000e+00
6.930228539100000000e+15 5.326513520000000432e+36 1.670949999999999887e+39 1.000000000000000000e+00 0.000000000000000000e+00
6.888815810800000000e+15 5.289242064499999844e+36 1.665950000000000054e+39 1.000000000000000000e+00 0.000000000000000000e+00
6.847527187800000000e+15 5.252082303900000113e+36 1.660949999999999920e+39 1.000000000000000000e+00 0.000000000000000000e+00
6.806362670300000000e+15 5.215034238000000164e+36 1.655950000000000087e+39 1.000000000000000000e+00 0.000000000000000000e+00
6.765322258100000000e+15 5.178097867100000133e+36 1.650949999999999952e+39 1.000000000000000000e+00 0.000000000000000000e+00
6.724405951300000000e+15 5.141273191000000127e+36 1.645950000000000119e+39 1.000000000000000000e+00 0.000000000000000000e+00
6.683613749900000000e+15 5.104560209700000144e+36 1.640949999999999984e+39 1.000000000000000000e+00 0.000000000000000000e+00
6.642945653900000000e+15 5.067958923299999837e+36 1.635949999999999849e+39 1.000000000000000000e+00 0.000000000000000000e+00
6.602401663300000000e+15 5.031469331799999797e+36 1.630950000000000017e+39 1.000000000000000000e+00 0.000000000000000000e+00
6.561981778100000000e+15 4.995091435099999781e+36 1.625949999999999882e+39 1.000000000000000000e+00 0.000000000000000000e+00
6.521685998300000000e+15 4.958825233300000032e+36 1.620950000000000049e+39 1.000000000000000000e+00 0.000000000000000000e+00
6.481514323800000000e+15 4.922670726299999716e+36 1.615949999999999914e+39 1.000000000000000000e+00 0.000000000000000000e+00
6.441466754800000000e+15 4.886627914100000014e+36 1.610950000000000081e+39 1.000000000000000000e+00 0.000000000000000000e+00
6.401543291200000000e+15 4.850696796900000231e+36 1.605949999999999946e+39 1.000000000000000000e+00 0.000000000000000000e+00
6.361743932900000000e+15 4.814877374400000229e+36 1.600950000000000114e+39 1.000000000000000000e+00 0.000000000000000000e+00
6.322068680100000000e+15 4.779169646900000146e+36 1.595949999999999979e+39 1.000000000000000000e+00 0.000000000000000000e+00
6.282517532600000000e+15 4.743573614099999845e+36 1.590950000000000146e+39 1.000000000000000000e+00 0.000000000000000000e+00
6.243090490500000000e+15 4.708089276300000053e+36 1.585950000000000011e+39 1.000000000000000000e+00 0.000000000000000000e+00
6.203787553800000000e+15 4.672716633300000284e+36 1.580949999999999876e+39 1.000000000000000000e+00 0.000000000000000000e+00
6.164608722500000000e+15 4.637455685099999949e+36 1.575950000000000043e+39 1.000000000000000000e+00 0.000000000000000000e+00
6.125553996600000000e+15 4.602306431799999881e+36 1.570949999999999908e+39 1.000000000000000000e+00 0.000000000000000000e+00
6.086623376100000000e+15 4.567268873299999837e+36 1.565950000000000076e+39 1.000000000000000000e+00 0.000000000000000000e+00
6.047816861000000000e+15 4.532343009700000059e+36 1.560949999999999941e+39 1.000000000000000000e+00 0.000000000000000000e+00
6.009134451300000000e+15 4.497528840999999957e+36 1.555950000000000108e+39 1.000000000000000000e+00 0.000000000000000000e+00
5.970576147000000000e+15 4.462826367099999880e+36 1.550949999999999973e+39 1.000000000000000000e+00 0.000000000000000000e+00
5.932141948000000000e+15 4.428235587999999826e+36 1.545950000000000140e+39 1.000000000000000000e+00 0.000000000000000000e+00
5.893831854500000000e+15 4.393756503900000281e+36 1.540950000000000005e+39 1.000000000000000000e+00 0.000000000000000000e+00
5.855645866300000000e+15 4.359389114499999927e+36 1.535949999999999870e+39 1.000000000000000000e+00 0.000000000000000000e+00
5.817583983600000000e+15 4.325133419999999840e+36 1.530950000000000038e+39 1.000000000000000000e+00 0.000000000000000000e+00
5.779646206200000000e+15 4.290989420400000020e+36 1.525949999999999903e+39 1.000000000000000000e+00 0.000000000000000000e+00
5.741832534200000000e+15 4.256957115600000223e+36 1.520950000000000070e+39 1.000000000000000000e+00 0.000000000000000000e+00
5.704142967700000000e+15 4.223036505700000102e+36 1.515949999999999935e+39 1.000000000000000000e+00 0.000000000000000000e+00
5.666577506500000000e+15 4.189227590600000006e+36 1.510950000000000102e+39 1.000000000000000000e+00 0.000000000000000000e+00
5.629136150700000000e+15 4.155530370400000176e+36 1.505949999999999967e+39 1.000000000000000000e+00 0.000000000000000000e+00
5.591818900300000000e+15 4.121944845100000022e+36 1.500950000000000135e+39 1.000000000000000000e+00 0.000000000000000000e+00
5.554625755200000000e+15 4.088471014500000240e+36 1.495950000000000000e+39 1.000000000000000000e+00 0.000000000000000000e+00
5.517556715600000000e+15 4.055108878899999786e+36 1.490949999999999865e+39 1.000000000000000000e+00 0.000000000000000000e+00
5.480611781400000000e+15 4.021858438099999947e+36 1.485950000000000032e+39 1.000000000000000000e+00 0.000000000000000000e+00
5.443790952600000000e+15 3.988719692100000131e+36 1.480949999999999897e+39 1.000000000000000000e+00 0.000000000000000000e+00
5.407094229100000000e+15 3.955692640999999992e+36 1.475950000000000064e+39 1.000000000000000000e+00 0.000000000000000000e+00
5.370521611100000000e+15 3.922777284800000119e+36 1.470949999999999929e+39 1.000000000000000000e+00 0.000000000000000000e+00
5.334073098400000000e+15 3.889973623400000270e+36 1.465950000000000097e+39 1.000000000000000000e+00 0.000000000000000000e+00
5.297748691100000000e+15 3.857281656799999855e+36 1.460949999999999962e+39 1.000000000000000000e+00 0.000000000000000000e+00
5.261548389300000000e+15 3.824701385199999949e+36 1.455950000000000129e+39 1.000000000000000000e+00 0.000000000000000000e+00
5.225472192800000000e+15 3.792232808299999824e+36 1.450949999999999994e+39 1.000000000000000000e+00 0.000000000000000000e+00
5.189520101700000000e+15 3.759875926299999966e+36 1.445949999999999859e+39 1.000000000000000000e+00 0.000000000000000000e+00
5.153692116000000000e+15 3.727630739199999784e+36 1.440950000000000026e+39 1.000000000000000000e+00 0.000000000000000000e+00
5.117988235700000000e+15 3.695497246900000216e+36 1.435949999999999892e+39 1.000000000000000000e+00 0.000000000000000000e+00
5.082408460800000000e+15 3.663475449499999734e+36 1.430950000000000059e+39 1.000000000000000000e+00 0.000000000000000000e+00
5.046952791200000000e+15 3.631565346899999866e+36 1.425949999999999924e+39 1.000000000000000000e+00 0.000000000000000000e+00
5.011621227100000000e+15 3.599766939200000265e+36 1.420950000000000091e+39 1.000000000000000000e+00 0.000000000000000000e+00
4.976413768400000000e+15 3.568080226399999749e+36 1.415949999999999956e+39 1.000000000000000000e+00 0.000000000000000000e+00
4.941330415000000000e+15 3.536505208300000196e+36 1.410950000000000123e+39 1.000000000000000000e+00 0.000000000000000000e+00
4.906371167100000000e+15 3.505041885199999971e+36 1.405949999999999989e+39 1.000000000000000000e+00 0.000000000000000000e+00
4.871536024500000000e+15 3.473690256899999770e+36 1.400949999999999854e+39 1.000000000000000000e+00 0.000000000000000000e+00
4.836824987300000000e+15 3.442450323400000184e+36 1.395950000000000021e+39 1.000000000000000000e+00 0.000000000000000000e+00
4.802238055600000000e+15 3.411322084800000273e+36 1.390949999999999886e+39 1.000000000000000000e+00 0.000000000000000000e+00
4.767775229200000000e+15 3.380305541100000039e+36 1.385950000000000053e+39 1.000000000000000000e+00 0.000000000000000000e+00
4.733436508200000000e+15 3.349400692199999829e+36 1.380949999999999918e+39 1.000000000000000000e+00 0.000000000000000000e+00
4.699221892600000000e+15 3.318607538199999885e+36 1.375950000000000086e+39 1.000000000000000000e+00 0.000000000000000000e+00
4.665131382400000000e+15 3.287926078999999965e+36 1.370949999999999951e+39 1.000000000000000000e+00 0.000000000000000000e+00
4.631164977600000000e+15 3.257356314600000069e+36 1.365950000000000118e+39 1.000000000000000000e+00 0.000000000000000000e+00
4.597322678200000000e+15 3.226898245200000092e+36 1.360949999999999983e+39 1.000000000000000000e+00 0.000000000000000000e+00
4.563604484100000000e+15 3.196551870499999896e+36 1.355949999999999999e+39 1.000000000000000000e+00 0.000000000000000000e+00
4.530010395500000000e+15 3.166317190800000209e+36 1.350950000000000015e+39 1.000000000000000000e+00 0.000000000000000000e+00
4.496540412200000000e+15 3.136194205799999714e+36 1.345950000000000031e+39 1.000000000000000000e+00 0.000000000000000000e+00
4.463194534400000000e+15 3.106182915799999727e+36 1.340950000000000048e+39 1.000000000000000000e+00 0.000000000000000000e+00
4.429972761900000000e+15 3.076283320599999764e+36 1.335950000000000064e+39 1.000000000000000000e+00 0.000000000000000000e+00
4.396875094900000000e+15 3.046495420199999826e+36 1.330949999999999929e+39 1.000000000000000000e+00 0.000000000000000000e+00
4.363901533200000000e+15 3.016819214700000153e+36 1.325949999999999945e+39 1.000000000000000000e+00 0.000000000000000000e+00
4.331052076900000000e+15 2.987254703999999915e+36 1.320949999999999961e+39 1.000000000000000000e+00 0.000000000000000000e+00
4.298326726000000000e+15 2.957801888199999943e+36 1.315949999999999977e+39 1.000000000000000000e+00 0.000000000000000000e+00
4.265725480500000000e+15 2.928460767300000237e+36 1.310949999999999994e+39 1.000000000000000000e+00 0.000000000000000000e+00
4.233248340400000000e+15 2.899231341199999965e+36 1.305950000000000010e+39 1.000000000000000000e+00 0.000000000000000000e+00
4.200895305700000000e+15 2.870113609899999717e+36 1.300950000000000026e+39 1.000000000000000000e+00 0.000000000000000000e+00
4.168666376400000000e+15 2.841107573599999978e+36 1.295950000000000042e+39 1.000000000000000000e+00 0.000000000000000000e+00
4.136561552400000000e+15 2.812213232000000021e+36 1.290950000000000058e+39 1.000000000000000000e+00 0.000000000000000000e+00
4.104580833900000000e+15 2.783430585299999739e+36 1.285950000000000074e+39 1.000000000000000000e+00 0.000000000000000000e+00
4.072724220800000000e+15 2.754759633499999725e+36 1.280949999999999939e+39 1.000000000000000000e+00 0.000000000000000000e+00
4.040991713000000000e+15 2.726200376499999734e+36 1.275949999999999956e+39 1.000000000000000000e+00 0.000000000000000000e+00
4.009383310600000000e+15 2.697752814400000009e+36 1.270949999999999972e+39 1.000000000000000000e+00 0.000000000000000000e+00
3.977899013700000000e+15 2.669416947099999718e+36 1.265949999999999988e+39 1.000000000000000000e+00 0.000000000000000000e+00
3.946538822100000000e+15 2.641192774699999989e+36 1.260950000000000004e+39 1.000000000000000000e+00 0.000000000000000000e+00
3.915302735900000000e+15 2.613080297099999989e+36 1.255950000000000020e+39 1.000000000000000000e+00 0.000000000000000000e+00
3.884190755100000000e+15 2.585079514399999960e+36 1.250950000000000036e+39 1.000000000000000000e+00 0.000000000000000000e+00
3.853202879700000000e+15 2.557190426599999902e+36 1.245950000000000053e+39 1.000000000000000000e+00 0.000000000000000000e+00
3.822339109700000000e+15 2.529413033599999869e+36 1.240950000000000069e+39 1.000000000000000000e+00 0.000000000000000000e+00
3.791599445100000000e+15 2.501747335399999859e+36 1.235949999999999934e+39 1.000000000000000000e+00 0.000000000000000000e+00
3.760983885900000000e+15 2.474193332100000116e+36 1.230949999999999950e+39 1.000000000000000000e+00 0.000000000000000000e+00
3.730492432000000000e+15 2.446751023700000049e+36 1.225949999999999966e+39 1.000000000000000000e+00 0.000000000000000000e+00
3.700125083600000000e+15 2.419420410100000006e+36 1.220949999999999982e+39 1.000000000000000000e+00 0.000000000000000000e+00
3.669881840600000000e+15 2.392201491299999986e+36 1.215949999999999998e+39 1.000000000000000000e+00 0.000000000000000000e+00
3.639762702900000000e+15 2.365094267399999939e+36 1.210950000000000015e+39 1.000000000000000000e+00 0.000000000000000000e+00
3.609767670600000000e+15 2.338098738399999862e+36 1.205950000000000031e+39 1.000000000000000000e+00 0.000000000000000000e+00
3.579896743800000000e+15 2.311214904200000105e+36 1.200950000000000047e+39 1.000000000000000000e+00 0.000000000000000000e+00
3.550149922300000000e+15 2.284442764900000024e+36 1.195950000000000063e+39 1.000000000000000000e+00 0.000000000000000000e+00
3.520527206200000000e+15 2.257782320399999966e+36 1.190949999999999928e+39 1.000000000000000000e+00 0.000000000000000000e+00
3.491028595500000000e+15 2.231233570799999881e+36 1.185949999999999944e+39 1.000000000000000000e+00 0.000000000000000000e+00
3.461654090200000000e+15 2.204796516000000114e+36 1.180949999999999961e+39 1.000000000000000000e+00 0.000000000000000000e+00
3.432403690300000000e+15 2.178471156100000023e+36 1.175949999999999977e+39 1.000000000000000000e+00 0.000000000000000000e+00
3.403277395800000000e+15 2.152257490999999957e+36 1.170949999999999993e+39 1.000000000000000000e+00 0.000000000000000000e+00
3.374275206700000000e+15 2.126155520799999861e+36 1.165950000000000009e+39 1.000000000000000000e+00 0.000000000000000000e+00
3.345397122900000000e+15 2.100165245500000032e+36 1.160950000000000025e+39 1.000000000000000000e+00 0.000000000000000000e+00
3.316643144600000000e+15 2.074286664999999932e+36 1.155950000000000041e+39 1.000000000000000000e+00 0.000000000000000000e+00
3.288013271700000000e+15 2.048519779299999856e+36 1.150950000000000058e+39 1.000000000000000000e+00 0.000000000000000000e+00
3.259507504100000000e+15 2.022864588500000047e+36 1.145950000000000074e+39 1.000000000000000000e+00 0.000000000000000000e+00
3.231125842000000000e+15 1.997321092599999913e+36 1.140949999999999939e+39 1.000000000000000000e+00 0.000000000000000000e+00
3.202868285200000000e+15 1.971889291500000099e+36 1.135949999999999955e+39 1.000000000000000000e+00 0.000000000000000000e+00
3.174734833800000000e+15 1.946569185200000014e+36 1.130949999999999971e+39 1.000000000000000000e+00 0.000000000000000000e+00
3.146725487800000000e+15 1.921360773900000142e+36 1.125949999999999987e+39 1.000000000000000000e+00 0.000000000000000000e+00
3.118840247200000000e+15 1.896264057300000052e+36 1.120950000000000003e+39 1.000000000000000000e+00 0.000000000000000000e+00
3.091079112000000000e+15 1.871279035599999933e+36 1.115950000000000020e+39 1.000000000000000000e+00 0.000000000000000000e+00
3.063442082200000000e+15 1.846405708800000081e+36 1.110950000000000036e+39 1.000000000000000000e+00 0.000000000000000000e+00
3.035929157800000000e+15 1.821644076799999958e+36 1.105950000000000052e+39 1.000000000000000000e+00 0.000000000000000000e+00
3.008540338800000000e+15 1.796994139700000100e+36 1.100950000000000068e+39 1.000000000000000000e+00 0.000000000000000000e+00
2.981275625100000000e+15 1.772455897499999919e+36 1.095949999999999933e+39 1.000000000000000000e+00 0.000000000000000000e+00
2.954135016900000000e+15 1.748029350000000110e+36 1.090949999999999949e+39 1.000000000000000000e+00 0.000000000000000000e+00
2.927118514100000000e+15 1.723714497499999925e+36 1.085949999999999966e+39 1.000000000000000000e+00 0.000000000000000000e+00
2.900226116600000000e+15 1.699511339800000058e+36 1.080949999999999982e+39 1.000000000000000000e+00 0.000000000000000000e+00
2.873457824500000000e+15 1.675419876899999921e+36 1.075949999999999998e+39 1.000000000000000000e+00 0.000000000000000000e+00
2.846813637900000000e+15 1.651440108900000050e+36 1.070950000000000014e+39 1.000000000000000000e+00 0.000000000000000000e+00
2.820293556600000000e+15 1.627572035799999855e+36 1.065950000000000030e+39 1.000000000000000000e+00 0.000000000000000000e+00
2.793897580700000000e+15 1.603815657499999979e+36 1.060950000000000046e+39 1.000000000000000000e+00 0.000000000000000000e+00
2.767625710200000000e+15 1.580170974000000127e+36 1.055950000000000063e+39 1.000000000000000000e+00 0.000000000000000000e+00
2.741477945100000000e+15 1.556637985399999951e+36 1.050949999999999928e+39 1.000000000000000000e+00 0.000000000000000000e+00
2.715454285400000000e+15 1.533216691700000042e+36 1.045949999999999944e+39 1.000000000000000000e+00 0.000000000000000000e+00
2.689554731100000000e+15 1.509907092799999862e+36 1.040949999999999960e+39 1.000000000000000000e+00 0.000000000000000000e+00
2.663779282200000000e+15 1.486709188799999948e+36 1.035949999999999976e+39 1.000000000000000000e+00 0.000000000000000000e+00
2.638127938600000000e+15 1.463622979600000058e+36 1.030949999999999992e+39 1.000000000000000000e+00 0.000000000000000000e+00
2.612600700500000000e+15 1.440648465300000139e+36 1.025950000000000008e+39 1.000000000000000000e+00 0.000000000000000000e+00
2.587197567800000000e+15 1.417785645799999949e+36 1.020950000000000025e+39 1.000000000000000000e+00 0.000000000000000000e+00
2.561918540400000000e+15 1.395034521200000026e+36 1.015950000000000041e+39 1.000000000000000000e+00 0.000000000000000000e+00
2.536763618400000000e+15 1.372395091400000126e+36 1.010950000000000057e+39 1.000000000000000000e+00 0.000000000000000000e+00
2.511732801900000000e+15 1.349867356499999903e+36 1.005950000000000073e+39 1.000000000000000000e+00 0.000000000000000000e+00
2.486826090700000000e+15 1.327451316399999999e+36 1.000949999999999938e+39 1.000000000000000000e+00 0.000000000000000000e+00
2.462053373100000000e+15 1.305155870600000013e+36 9.959519999999999772e+38 1.000000000000000000e+00 0.000000000000000000e+00
2.437394823100000000e+15 1.282963175600000043e+36 9.909519999999999934e+38 1.000000000000000000e+00 0.000000000000000000e+00
2.412860378500000000e+15 1.260882175399999949e+36 9.859520000000000096e+38 1.000000000000000000e+00 0.000000000000000000e+00
2.388450039200000000e+15 1.238912870099999973e+36 9.809520000000000257e+38 1.000000000000000000e+00 0.000000000000000000e+00
2.364163805400000000e+15 1.217055259600000022e+36 9.759520000000000419e+38 1.000000000000000000e+00 0.000000000000000000e+00
2.340001676900000000e+15 1.195309344000000042e+36 9.709520000000000581e+38 1.000000000000000000e+00 0.000000000000000000e+00
2.315963653800000000e+15 1.173675123300000033e+36 9.659520000000000742e+38 1.000000000000000000e+00 0.000000000000000000e+00
2.292049736100000000e+15 1.152152597299999954e+36 9.609519999999999393e+38 1.000000000000000000e+00 0.000000000000000000e+00
2.268259923800000000e+15 1.130741766299999940e+36 9.559519999999999555e+38 1.000000000000000000e+00 0.000000000000000000e+00
2.244594216900000000e+15 1.109442630099999951e+36 9.509519999999999716e+38 1.000000000000000000e+00 0.000000000000000000e+00
2.221052615400000000e+15 1.088255188699999985e+36 9.459519999999999878e+38 1.000000000000000000e+00 0.000000000000000000e+00
2.197635119300000000e+15 1.067179442199999991e+36 9.409520000000000040e+38 1.000000000000000000e+00 0.000000000000000000e+00
2.174341728600000000e+15 1.046215390599999968e+36 9.359520000000000201e+38 1.000000000000000000e+00 0.000000000000000000e+00
2.151172443300000000e+15 1.025363033799999970e+36 9.309520000000000363e+38 1.000000000000000000e+00 0.000000000000000000e+00
2.128127263300000000e+15 1.004622371799999995e+36 9.259520000000000525e+38 1.000000000000000000e+00 0.000000000000000000e+00
2.105206188800000000e+15 9.839934047400000587e+35 9.209520000000000686e+38 1.000000000000000000e+00 0.000000000000000000e+00
2.082409219700000000e+15 9.634761325100000128e+35 9.159519999999999337e+38 1.000000000000000000e+00 0.000000000000000000e+00
2.059736355900000000e+15 9.430705551299999645e+35 9.109519999999999499e+38 1.000000000000000000e+00 0.000000000000000000e+00
2.037187597500000000e+15 9.227766726000000615e+35 9.059519999999999660e+38 1.000000000000000000e+00 0.000000000000000000e+00
2.014762944600000000e+15 9.025944849200000085e+35 9.009519999999999822e+38 1.000000000000000000e+00 0.000000000000000000e+00
1.992462397000000000e+15 8.825239921000000069e+35 8.959519999999999984e+38 1.000000000000000000e+00 0.000000000000000000e+00
1.970285954800000000e+15 8.625651941199999493e+35 8.909520000000000145e+38 1.000000000000000000e+00 0.000000000000000000e+00
1.948233618000000000e+15 8.427180910099999968e+35 8.859520000000000307e+38 1.000000000000000000e+00 0.000000000000000000e+00
1.926305386600000000e+15 8.229826827399999881e+35 8.809520000000000469e+38 1.000000000000000000e+00 0.000000000000000000e+00
1.904501260600000000e+15 8.033589693300000309e+35 8.759520000000000630e+38 1.000000000000000000e+00 0.000000000000000000e+00
1.882821239900000000e+15 7.838469507700000714e+35 8.709519999999999281e+38 1.000000000000000000e+00 0.000000000000000000e+00
1.861265324700000000e+15 7.644466270700000156e+35 8.659519999999999443e+38 1.000000000000000000e+00 0.000000000000000000e+00
1.839833514900000000e+15 7.451579982199999576e+35 8.609519999999999604e+38 1.000000000000000000e+00 0.000000000000000000e+00
1.818525810400000000e+15 7.259810642200000447e+35 8.559519999999999766e+38 1.000000000000000000e+00 0.000000000000000000e+00
1.797342211400000000e+15 7.069158250699999819e+35 8.509519999999999928e+38 1.000000000000000000e+00 0.000000000000000000e+00
1.776282717700000000e+15 6.879622807799999706e+35 8.459520000000000089e+38 1.000000000000000000e+00 0.000000000000000000e+00
1.755347329500000000e+15 6.691204313399999569e+35 8.409520000000000251e+38 1.000000000000000000e+00 0.000000000000000000e+00
1.734536046600000000e+15 6.503902767500000146e+35 8.359520000000000413e+38 3.380952381000000173e+00 0.000000000000000000e+00
1.719882662300000000e+15 6.373313682400000161e+35 8.309520000000000574e+38 3.380952381000000173e+00 0.000000000000000000e+00
1.705315964300000000e+15 6.244582161699999686e+35 8.259520000000000736e+38 3.380952381000000173e+00 0.000000000000000000e+00
1.690835233200000000e+15 6.117692787800000299e+35 8.209519999999999387e+38 3.380952381000000173e+00 0.000000000000000000e+00
1.676439751200000000e+15 5.992630178600000330e+35 8.159519999999999548e+38 3.380952381000000173e+00 0.000000000000000000e+00
1.662128801900000000e+15 5.869378987700000362e+35 8.109519999999999710e+38 3.380952381000000173e+00 0.000000000000000000e+00
1.647901671000000000e+15 5.747923904400000278e+35 8.059519999999999872e+38 3.380952381000000173e+00 0.000000000000000000e+00
1.633757645700000000e+15 5.628249653900000338e+35 8.009520000000000033e+38 3.380952381000000173e+00 0.000000000000000000e+00
1.619696014700000000e+15 5.510340997599999839e+35 7.959520000000000195e+38 3.380952381000000173e+00 0.000000000000000000e+00
1.605716068700000000e+15 5.394182733000000267e+35 7.909520000000000357e+38 3.380952381000000173e+00 0.000000000000000000e+00
1.591817099900000000e+15 5.279759693899999730e+35 7.859520000000000518e+38 3.380952381000000173e+00 0.000000000000000000e+00
1.577998402300000000e+15 5.167056750699999738e+35 7.809520000000000680e+38 3.380952381000000173e+00 0.000000000000000000e+00
1.564259271400000000e+15 5.056058810300000237e+35 7.759519999999999331e+38 3.380952381000000173e+00 0.000000000000000000e+00
1.550599004700000000e+15 4.946750816500000283e+35 7.709519999999999492e+38 3.380952381000000173e+00 0.000000000000000000e+00
1.537016901200000000e+15 4.839117749799999917e+35 7.659519999999999654e+38 3.380952381000000173e+00 0.000000000000000000e+00
1.523512261900000000e+15 4.733144627999999705e+35 7.609519999999999816e+38 3.380952381000000173e+00 0.000000000000000000e+00
1.510084389200000000e+15 4.628816505999999659e+35 7.559519999999999977e+38 3.380952381000000173e+00 0.000000000000000000e+00
1.496732587500000000e+15 4.526118476000000313e+35 7.509520000000000139e+38 3.380952381000000173e+00 0.000000000000000000e+00
1.483456162800000000e+15 4.425035667899999708e+35 7.459520000000000301e+38 3.380952381000000173e+00 0.000000000000000000e+00
1.470254422900000000e+15 4.325553248999999899e+35 7.409520000000000462e+38 3.380952381000000173e+00 0.000000000000000000e+00
1.457126677500000000e+15 4.227656424800000180e+35 7.359520000000000624e+38 3.380952381000000173e+00 0.000000000000000000e+00
1.444072237800000000e+15 4.131330438299999969e+35 7.309519999999999275e+38 3.380952381000000173e+00 0.000000000000000000e+00
1.431090417000000000e+15 4.036560571200000091e+35 7.259519999999999436e+38 3.380952381000000173e+00 0.000000000000000000e+00
1.418180530000000000e+15 3.943332143000000151e+35 7.209519999999999598e+38 3.380952381000000173e+00 0.000000000000000000e+00
1.405341893600000000e+15 3.851630512000000225e+35 7.159519999999999760e+38 3.380952381000000173e+00 0.000000000000000000e+00
1.392573826200000000e+15 3.761441074999999981e+35 7.109519999999999921e+38 3.380952381000000173e+00 0.000000000000000000e+00
1.379875648200000000e+15 3.672749267600000294e+35 7.059520000000000083e+38 3.380952381000000173e+00 0.000000000000000000e+00
1.367246681700000000e+15 3.585540564300000090e+35 7.009520000000000245e+38 3.380952381000000173e+00 0.000000000000000000e+00
1.354686250700000000e+15 3.499800478999999780e+35 6.959520000000000406e+38 3.380952381000000173e+00 0.000000000000000000e+00
1.342193681100000000e+15 3.415514564699999637e+35 6.909520000000000568e+38 3.380952381000000173e+00 0.000000000000000000e+00
1.329768300400000000e+15 3.332668413799999940e+35 6.859520000000000730e+38 3.380952381000000173e+00 0.000000000000000000e+00
1.317409438200000000e+15 3.251247658599999969e+35 6.809519999999999380e+38 3.380952381000000173e+00 0.000000000000000000e+00
1.305116425800000000e+15 3.171237971099999884e+35 6.759520000000000298e+38 3.380952381000000173e+00 0.000000000000000000e+00
1.292888596400000000e+15 3.092625063399999921e+35 6.709519999999999704e+38 3.380952381000000173e+00 0.000000000000000000e+00
1.280725285200000000e+15 3.015394687700000023e+35 6.659519999999999865e+38 3.380952381000000173e+00 0.000000000000000000e+00
1.268625829200000000e+15 2.939532636599999978e+35 6.609520000000000027e+38 3.380952381000000173e+00 0.000000000000000000e+00
1.256589567200000000e+15 2.865024743500000094e+35 6.559520000000000189e+38 3.380952381000000173e+00 0.000000000000000000e+00
1.244615840000000000e+15 2.791856882200000153e+35 6.509520000000000350e+38 3.380952381000000173e+00 0.000000000000000000e+00
1.232703990300000000e+15 2.720014967799999826e+35 6.459519999999999757e+38 3.380952381000000173e+00 0.000000000000000000e+00
1.220853362800000000e+15 2.649484956299999836e+35 6.409519999999999918e+38 3.380952381000000173e+00 0.000000000000000000e+00
1.209063304000000000e+15 2.580252845299999826e+35 6.359520000000000080e+38 3.380952381000000173e+00 0.000000000000000000e+00
1.197333162300000000e+15 2.512304673700000060e+35 6.309520000000000242e+38 3.380952381000000173e+00 0.000000000000000000e+00
1.185662288200000000e+15 2.445626522299999856e+35 6.259519999999999648e+38 3.380952381000000173e+00 0.000000000000000000e+00
1.174050034200000000e+15 2.380204513800000167e+35 6.209519999999999809e+38 3.380952381000000173e+00 0.000000000000000000e+00
1.162495754500000000e+15 2.316024813199999828e+35 6.159519999999999971e+38 3.380952381000000173e+00 0.000000000000000000e+00
1.150998805500000000e+15 2.253073627700000184e+35 6.109520000000000133e+38 3.380952381000000173e+00 0.000000000000000000e+00
1.139558545600000000e+15 2.191337207099999860e+35 6.059520000000000294e+38 3.380952381000000173e+00 0.000000000000000000e+00
1.128174335000000000e+15 2.130801844100000066e+35 6.009519999999999701e+38 3.380952381000000173e+00 0.000000000000000000e+00
1.116845536100000000e+15 2.071453874399999965e+35 5.959519999999999862e+38 3.380952381000000173e+00 0.000000000000000000e+00
1.105571513200000000e+15 2.013279676899999966e+35 5.909520000000000024e+38 3.380952381000000173e+00 0.000000000000000000e+00
1.094351632700000000e+15 1.956265673899999844e+35 5.859520000000000186e+38 3.380952381000000173e+00 0.000000000000000000e+00
1.083185263100000000e+15 1.900398331599999952e+35 5.809520000000000347e+38 3.380952381000000173e+00 0.000000000000000000e+00
1.072071774800000000e+15 1.845664159999999951e+35 5.759519999999999753e+38 3.380952381000000173e+00 0.000000000000000000e+00
1.061010540300000000e+15 1.792049713200000044e+35 5.709519999999999915e+38 3.380952381000000173e+00 0.000000000000000000e+00
1.050000934200000000e+15 1.739541589700000015e+35 5.659520000000000077e+38 3.380952381000000173e+00 0.000000000000000000e+00
1.039042333200000000e+15 1.688126432799999899e+35 5.609520000000000238e+38 3.380952381000000173e+00 0.000000000000000000e+00
1.028134116100000000e+15 1.637790930599999980e+35 5.559519999999999645e+38 3.380952381000000173e+00 0.000000000000000000e+00
1.017275663800000000e+15 1.588521816200000026e+35 5.509519999999999806e+38 3.380952381000000173e+00 0.000000000000000000e+00
1.006466359200000000e+15 1.540305868199999945e+35 5.459519999999999968e+38 3.380952381000000173e+00 0.000000000000000000e+00
9.957055875500000000e+14 1.493129910799999954e+35 5.409520000000000130e+38 3.380952381000000173e+00 0.000000000000000000e+00
9.849927360500000000e+14 1.446980814099999976e+35 5.359520000000000291e+38 3.380952381000000173e+00 0.000000000000000000e+00
9.743271941300000000e+14 1.401845494299999979e+35 5.309519999999999697e+38 3.380952381000000173e+00 0.000000000000000000e+00
9.637083534000000000e+14 1.357710914200000082e+35 5.259519999999999859e+38 3.380952381000000173e+00 0.000000000000000000e+00
9.531356076200000000e+14 1.314564083000000030e+35 5.209520000000000021e+38 3.380952381000000173e+00 0.000000000000000000e+00
9.426083527600000000e+14 1.272392057099999994e+35 5.159520000000000182e+38 3.380952381000000173e+00 0.000000000000000000e+00
9.321259869700000000e+14 1.231181940000000027e+35 5.109520000000000344e+38 3.380952381000000173e+00 0.000000000000000000e+00
9.216879106500000000e+14 1.190920882799999990e+35 5.059519999999999750e+38 3.380952381000000173e+00 0.000000000000000000e+00
9.112935264000000000e+14 1.151596084400000072e+35 5.009519999999999912e+38 3.380952381000000173e+00 0.000000000000000000e+00
9.009422390900000000e+14 1.113194791700000019e+35 4.959520000000000074e+38 3.380952381000000173e+00 0.000000000000000000e+00
8.906334558300000000e+14 1.075704300299999946e+35 4.909520000000000235e+38 3.380952381000000173e+00 0.000000000000000000e+00
8.803665860200000000e+14 1.039111954100000031e+35 4.859519999999999641e+38 3.380952381000000173e+00 0.000000000000000000e+00
8.701410413300000000e+14 1.003405146299999990e+35 4.809519999999999803e+38 3.380952381000000173e+00 0.000000000000000000e+00
8.599562357400000000e+14 9.685713192600000896e+34 4.759519999999999965e+38 3.380952381000000173e+00 0.000000000000000000e+00
8.498115855600000000e+14 9.345979650700000110e+34 4.709520000000000127e+38 3.380952381000000173e+00 0.000000000000000000e+00
8.397065094000000000e+14 9.014726257199999808e+34 4.659520000000000288e+38 3.380952381000000173e+00 0.000000000000000000e+00
8.296404282400000000e+14 8.691828935299999115e+34 4.609519999999999694e+38 3.380952381000000173e+00 0.000000000000000000e+00
8.196127654200000000e+14 8.377164114000000065e+34 4.559519999999999856e+38 3.380952381000000173e+00 0.000000000000000000e+00
8.096229466500000000e+14 8.070608732200000311e+34 4.509520000000000018e+38 3.380952381000000173e+00 0.000000000000000000e+00
7.996704000300000000e+14 7.772040241700000027e+34 4.459520000000000179e+38 3.380952381000000173e+00 0.000000000000000000e+00
7.897545561000000000e+14 7.481336610700000427e+34 4.409520000000000341e+38 3.380952381000000173e+00 0.000000000000000000e+00
7.798748477900000000e+14 7.198376327800000363e+34 4.359519999999999747e+38 3.380952381000000173e+00 0.000000000000000000e+00
7.700320867800000000e+14 6.935519919299999638e+34 4.309519999999999909e+38 2.639344262299999855e+00 0.000000000000000000e+00
7.602175779200000000e+14 6.725153421399999920e+34 4.259520000000000071e+38 2.639344262299999855e+00 0.000000000000000000e+00
7.504302443000000000e+14 6.518796383899999650e+34 4.209520000000000232e+38 2.639344262299999855e+00 0.000000000000000000e+00
7.406698815300000000e+14 6.316418652100000347e+34 4.159519999999999638e+38 2.639344262299999855e+00 0.000000000000000000e+00
7.309362843500000000e+14 6.117989941599999632e+34 4.109519999999999800e+38 2.639344262299999855e+00 0.000000000000000000e+00
7.212292466000000000e+14 5.923479836600000165e+34 4.059519999999999962e+38 2.639344262299999855e+00 0.000000000000000000e+00
7.115485612400000000e+14 5.732857787499999700e+34 4.009520000000000123e+38 2.639344262299999855e+00 0.000000000000000000e+00
7.018940202700000000e+14 5.546093108499999578e+34 3.959520000000000285e+38 2.639344262299999855e+00 0.000000000000000000e+00
6.922654147800000000e+14 5.363154975700000239e+34 3.909519999999999691e+38 2.639344262299999855e+00 0.000000000000000000e+00
6.826625349000000000e+14 5.184012424300000371e+34 3.859519999999999853e+38 2.639344262299999855e+00 0.000000000000000000e+00
6.730851697800000000e+14 5.008634346600000001e+34 3.809520000000000015e+38 2.639344262299999855e+00 0.000000000000000000e+00
6.635331076000000000e+14 4.836989488900000245e+34 3.759520000000000176e+38 2.639344262299999855e+00 0.000000000000000000e+00
6.540061355200000000e+14 4.669046449400000138e+34 3.709520000000000338e+38 2.639344262299999855e+00 0.000000000000000000e+00
6.445040396800000000e+14 4.504773675199999882e+34 3.659519999999999744e+38 2.639344262299999855e+00 0.000000000000000000e+00
6.350266051900000000e+14 4.344139459699999596e+34 3.609519999999999906e+38 2.639344262299999855e+00 0.000000000000000000e+00
6.255736160700000000e+14 4.187111939499999994e+34 3.559520000000000067e+38 2.639344262299999855e+00 0.000000000000000000e+00
6.161448553000000000e+14 4.033659091999999817e+34 3.509520000000000229e+38 2.639344262299999855e+00 0.000000000000000000e+00
6.067401047100000000e+14 3.883748731400000156e+34 3.459519999999999635e+38 2.639344262299999855e+00 0.000000000000000000e+00
5.973591450400000000e+14 3.737348506500000102e+34 3.409519999999999797e+38 2.639344262299999855e+00 0.000000000000000000e+00
5.880017558700000000e+14 3.594425896900000205e+34 3.359519999999999959e+38 2.639344262299999855e+00 0.000000000000000000e+00
5.786677156200000000e+14 3.454948209699999868e+34 3.309520000000000120e+38 2.639344262299999855e+00 0.000000000000000000e+00
5.693568015200000000e+14 3.318882575899999943e+34 3.259519999999999904e+38 2.639344262299999855e+00 0.000000000000000000e+00
5.600687895600000000e+14 3.186195947199999928e+34 3.209520000000000066e+38 2.639344262299999855e+00 0.000000000000000000e+00
5.508034545000000000e+14 3.056855091700000117e+34 3.159519999999999850e+38 2.639344262299999855e+00 0.000000000000000000e+00
5.415605698500000000e+14 2.930826590300000059e+34 3.109520000000000011e+38 2.639344262299999855e+00 0.000000000000000000e+00
5.323399077900000000e+14 2.808076832599999852e+34 3.059520000000000173e+38 2.639344262299999855e+00 0.000000000000000000e+00
5.231412392000000000e+14 2.688572012699999799e+34 3.009519999999999957e+38 2.639344262299999855e+00 0.000000000000000000e+00
5.139643335900000000e+14 2.572278124899999799e+34 2.959520000000000119e+38 2.639344262299999855e+00 0.000000000000000000e+00
5.048089591000000000e+14 2.459160959000000002e+34 2.909519999999999903e+38 2.639344262299999855e+00 0.000000000000000000e+00
4.956748824400000000e+14 2.349186095699999884e+34 2.859520000000000064e+38 2.639344262299999855e+00 0.000000000000000000e+00
4.865618688700000000e+14 2.242318901800000019e+34 2.809519999999999848e+38 2.639344262299999855e+00 0.000000000000000000e+00
4.774696821700000000e+14 2.138524524899999795e+34 2.759520000000000010e+38 2.639344262299999855e+00 0.000000000000000000e+00
4.683980845900000000e+14 2.037767888099999955e+34 2.709520000000000172e+38 2.639344262299999855e+00 0.000000000000000000e+00
4.593468368500000000e+14 1.940013684600000049e+34 2.659519999999999955e+38 2.639344262299999855e+00 0.000000000000000000e+00
4.503156980300000000e+14 1.845226371800000106e+34 2.609520000000000117e+38 2.639344262299999855e+00 0.000000000000000000e+00
4.413044255900000000e+14 1.753370164999999890e+34 2.559519999999999901e+38 2.639344262299999855e+00 0.000000000000000000e+00
4.323127753200000000e+14 1.664409031699999938e+34 2.509520000000000063e+38 2.639344262299999855e+00 0.000000000000000000e+00
4.233405012700000000e+14 1.578306684400000083e+34 2.459519999999999847e+38 2.639344262299999855e+00 0.000000000000000000e+00
4.143840000000000000e+14 1.497749999999999985e+34 2.409520000000000008e+38 3.185999999999999943e+00 0.000000000000000000e+00
4.054220000000000000e+14 1.401830000000000064e+34 2.359520000000000170e+38 3.189000000000000057e+00 0.000000000000000000e+00
3.964830000000000000e+14 1.310130000000000070e+34 2.309519999999999954e+38 3.192000000000000171e+00 0.000000000000000000e+00
3.875660000000000000e+14 1.222550000000000050e+34 2.259520000000000116e+38 3.196000000000000174e+00 0.000000000000000000e+00
3.786710000000000000e+14 1.139010000000000087e+34 2.209519999999999899e+38 3.198999999999999844e+00 0.000000000000000000e+00
3.697980000000000000e+14 1.059419999999999901e+34 2.159520000000000061e+38 3.201999999999999957e+00 0.000000000000000000e+00
3.609460000000000000e+14 9.836930000000000570e+33 2.109519999999999845e+38 3.205000000000000071e+00 0.000000000000000000e+00
3.521140000000000000e+14 9.117300000000000391e+33 2.059520000000000007e+38 3.206999999999999851e+00 0.000000000000000000e+00
3.433010000000000000e+14 8.434439999999999522e+33 2.009520000000000168e+38 3.209999999999999964e+00 0.000000000000000000e+00
3.345090000000000000e+14 7.787410000000000383e+33 1.959519999999999952e+38 3.212000000000000188e+00 0.000000000000000000e+00
3.257350000000000000e+14 7.175289999999999898e+33 1.909520000000000114e+38 3.213999999999999968e+00 0.000000000000000000e+00
3.169790000000000000e+14 6.597120000000000220e+33 1.859519999999999898e+38 3.214999999999999858e+00 0.000000000000000000e+00
3.082420000000000000e+14 6.051970000000000443e+33 1.809520000000000060e+38 3.216000000000000192e+00 0.000000000000000000e+00
2.995210000000000000e+14 5.538860000000000148e+33 1.759519999999999843e+38 3.217000000000000082e+00 0.000000000000000000e+00
2.908180000000000000e+14 5.056820000000000201e+33 1.709520000000000005e+38 3.217000000000000082e+00 0.000000000000000000e+00
2.821310000000000000e+14 4.604879999999999739e+33 1.659519999999999978e+38 3.214999999999999858e+00 0.000000000000000000e+00
2.734610000000000000e+14 4.182039999999999803e+33 1.609519999999999951e+38 3.213000000000000078e+00 0.000000000000000000e+00
2.648060000000000000e+14 3.787300000000000283e+33 1.559519999999999924e+38 3.209999999999999964e+00 0.000000000000000000e+00
2.561660000000000000e+14 3.419619999999999956e+33 1.509520000000000085e+38 3.205999999999999961e+00 0.000000000000000000e+00
2.475420000000000000e+14 3.077959999999999905e+33 1.459520000000000058e+38 3.200000000000000178e+00 0.000000000000000000e+00
2.389330000000000000e+14 2.761229999999999969e+33 1.409520000000000031e+38 3.192000000000000171e+00 0.000000000000000000e+00
2.303390000000000000e+14 2.468280000000000049e+33 1.359520000000000004e+38 3.181999999999999940e+00 0.000000000000000000e+00
2.217610000000000000e+14 2.197759999999999966e+33 1.309519999999999976e+38 3.169999999999999929e+00 0.000000000000000000e+00
2.132030000000000000e+14 1.948450000000000125e+33 1.259519999999999949e+38 3.153999999999999915e+00 0.000000000000000000e+00
2.046560000000000000e+14 1.720589999999999989e+33 1.209519999999999922e+38 3.134999999999999787e+00 0.000000000000000000e+00
1.961200000000000000e+14 1.513160000000000044e+33 1.159520000000000084e+38 3.111000000000000210e+00 0.000000000000000000e+00
1.875930000000000000e+14 1.325110000000000087e+33 1.109520000000000056e+38 3.080999999999999961e+00 0.000000000000000000e+00
1.790750000000000000e+14 1.155410000000000037e+33 1.059520000000000029e+38 3.045999999999999819e+00 0.000000000000000000e+00
1.705660000000000000e+14 1.002999999999999991e+33 1.009520000000000002e+38 3.004000000000000004e+00 0.000000000000000000e+00
1.620650000000000000e+14 8.668489999999999983e+32 9.595160000000000423e+37 2.952999999999999847e+00 0.000000000000000000e+00
1.535720000000000000e+14 7.458870000000000212e+32 9.095160000000000151e+37 2.892999999999999794e+00 0.000000000000000000e+00
1.447530000000000000e+14 6.630910000000000040e+32 8.575760000000000619e+37 2.979000000000000092e+00 1.521499999999999919e+29
1.442790000000000000e+14 6.583239999999999691e+32 8.547800000000000427e+37 2.987000000000000099e+00 1.818080000000000076e+29
1.438040000000000000e+14 6.535120000000000531e+32 8.519840000000000235e+37 2.994000000000000217e+00 2.037199999999999861e+29
1.433300000000000000e+14 6.486970000000000249e+32 8.491880000000000043e+37 3.000999999999999890e+00 2.224489999999999982e+29
1.428560000000000000e+14 6.438909999999999730e+32 8.463919999999999851e+37 3.008000000000000007e+00 2.394569999999999856e+29
1.423810000000000000e+14 6.390989999999999641e+32 8.435959999999999660e+37 3.013999999999999790e+00 2.554060000000000027e+29
1.419070000000000000e+14 6.343230000000000250e+32 8.408000000000000412e+37 3.020999999999999908e+00 2.706539999999999920e+29
1.414330000000000000e+14 6.295659999999999797e+32 8.380040000000000220e+37 3.028000000000000025e+00 2.854139999999999867e+29
1.409590000000000000e+14 6.248279999999999722e+32 8.352080000000000028e+37 3.033999999999999808e+00 2.998219999999999888e+29
1.404840000000000000e+14 6.201110000000000293e+32 8.324119999999999837e+37 3.040999999999999925e+00 3.139690000000000067e+29
1.400100000000000000e+14 6.154139999999999935e+32 8.296159999999999645e+37 2.492999999999999883e+00 3.279209999999999816e+29
1.395360000000000000e+14 6.107390000000000357e+32 8.268200000000000397e+37 2.488999999999999879e+00 3.417250000000000197e+29
1.390620000000000000e+14 6.060860000000000117e+32 8.240240000000000205e+37 2.483999999999999986e+00 3.554140000000000036e+29
1.385880000000000000e+14 6.014560000000000070e+32 8.212280000000000014e+37 2.479000000000000092e+00 3.690139999999999859e+29
1.381140000000000000e+14 5.968480000000000083e+32 8.184319999999999822e+37 2.475000000000000089e+00 3.825470000000000059e+29
1.376400000000000000e+14 5.922630000000000287e+32 8.156359999999999630e+37 2.470000000000000195e+00 3.960270000000000052e+29
1.371660000000000000e+14 5.877020000000000098e+32 8.128400000000000382e+37 2.464999999999999858e+00 4.094660000000000243e+29
1.366920000000000000e+14 5.831640000000000101e+32 8.100440000000000191e+37 2.460999999999999854e+00 4.228730000000000058e+29
1.362170000000000000e+14 5.786499999999999711e+32 8.072479999999999999e+37 2.455999999999999961e+00 4.362559999999999765e+29
1.357430000000000000e+14 5.741590000000000233e+32 8.044519999999999807e+37 2.451000000000000068e+00 4.496219999999999778e+29
1.352690000000000000e+14 5.696929999999999775e+32 8.016559999999999615e+37 2.447000000000000064e+00 4.629729999999999812e+29
1.347950000000000000e+14 5.652509999999999643e+32 7.988600000000000368e+37 2.442000000000000171e+00 4.763149999999999718e+29
1.343210000000000000e+14 5.608329999999999838e+32 7.960640000000000176e+37 2.436999999999999833e+00 4.896490000000000058e+29
1.338480000000000000e+14 5.564399999999999772e+32 7.932679999999999984e+37 2.431999999999999940e+00 5.029790000000000262e+29
1.333740000000000000e+14 5.520710000000000032e+32 7.904719999999999792e+37 2.427000000000000046e+00 5.163039999999999770e+29
1.329000000000000000e+14 5.477270000000000032e+32 7.876759999999999600e+37 2.423000000000000043e+00 5.296270000000000265e+29
1.324260000000000000e+14 5.434070000000000359e+32 7.848800000000000353e+37 2.418000000000000149e+00 5.429490000000000200e+29
1.319520000000000000e+14 5.391119999999999704e+32 7.820840000000000161e+37 2.412999999999999812e+00 5.562679999999999857e+29
1.314780000000000000e+14 5.348420000000000231e+32 7.792879999999999969e+37 2.407999999999999918e+00 5.695870000000000217e+29
1.310040000000000000e+14 5.309830000000000222e+32 7.764919999999999777e+37 2.403000000000000025e+00 3.610779999999999931e+29
1.305300000000000000e+14 5.267680000000000176e+32 7.736959999999999585e+37 2.398000000000000131e+00 3.679589999999999940e+29
1.300570000000000000e+14 5.225779999999999869e+32 7.709000000000000338e+37 2.392999999999999794e+00 3.748419999999999664e+29
1.291090000000000000e+14 5.151040000000000049e+32 7.653079999999999954e+37 2.383000000000000007e+00 2.044440000000000037e+29
1.248460000000000000e+14 4.790320000000000109e+32 7.401440000000000116e+37 2.337000000000000188e+00 2.241680000000000162e+29
1.220040000000000000e+14 4.560730000000000190e+32 7.233679999999999909e+37 2.306000000000000050e+00 2.373819999999999967e+29
1.205840000000000000e+14 4.449170000000000248e+32 7.149800000000000278e+37 2.290000000000000036e+00 2.439630000000000047e+29
1.191630000000000000e+14 4.339760000000000227e+32 7.065919999999999703e+37 2.274000000000000021e+00 2.505109999999999892e+29
1.167960000000000000e+14 4.162099999999999967e+32 6.926119999999999688e+37 2.246999999999999886e+00 2.613249999999999915e+29
1.163230000000000000e+14 4.127259999999999655e+32 6.898160000000000440e+37 2.241000000000000103e+00 2.634700000000000057e+29
1.158500000000000000e+14 4.092659999999999670e+32 6.870200000000000249e+37 2.236000000000000210e+00 2.656080000000000138e+29
1.153760000000000000e+14 4.058289999999999877e+32 6.842240000000000057e+37 2.230999999999999872e+00 2.677390000000000160e+29
1.149030000000000000e+14 4.024150000000000277e+32 6.814279999999999865e+37 2.225000000000000089e+00 2.698639999999999978e+29
1.139560000000000000e+14 3.956550000000000081e+32 6.758360000000000426e+37 2.213999999999999968e+00 2.740890000000000002e+29
1.134830000000000000e+14 3.923100000000000339e+32 6.730400000000000234e+37 2.209000000000000075e+00 2.761900000000000066e+29
1.125370000000000000e+14 3.856860000000000311e+32 6.674479999999999850e+37 2.197999999999999954e+00 2.803669999999999876e+29
1.120630000000000000e+14 3.824070000000000026e+32 6.646519999999999658e+37 2.192000000000000171e+00 2.824429999999999975e+29
1.111170000000000000e+14 3.759180000000000033e+32 6.590600000000000219e+37 2.181000000000000050e+00 2.865680000000000140e+29
1.101710000000000000e+14 3.695170000000000276e+32 6.534679999999999835e+37 2.169999999999999929e+00 2.906550000000000077e+29
1.096980000000000000e+14 3.663489999999999699e+32 6.506719999999999643e+37 2.164000000000000146e+00 2.926850000000000030e+29
1.092240000000000000e+14 3.632029999999999901e+32 6.478760000000000396e+37 2.158999999999999808e+00 2.947049999999999996e+29
1.087510000000000000e+14 3.600790000000000163e+32 6.450800000000000204e+37 2.153000000000000025e+00 2.967140000000000119e+29
1.082780000000000000e+14 3.579080000000000297e+32 6.422840000000000012e+37 2.146999999999999797e+00 3.377879999999999696e+29
1.078050000000000000e+14 3.548450000000000067e+32 6.394879999999999820e+37 2.141000000000000014e+00 3.379280000000000203e+29
1.073320000000000000e+14 3.518039999999999896e+32 6.366919999999999628e+37 2.136000000000000121e+00 3.380549999999999742e+29
1.068590000000000000e+14 3.487830000000000237e+32 6.338960000000000381e+37 2.129999999999999893e+00 3.381689999999999722e+29
1.063860000000000000e+14 3.457829999999999784e+32 6.311000000000000189e+37 2.124000000000000110e+00 3.382700000000000143e+29
1.059130000000000000e+14 3.428039999999999976e+32 6.283039999999999997e+37 2.119000000000000217e+00 3.383580000000000300e+29
1.054400000000000000e+14 3.398460000000000093e+32 6.255079999999999805e+37 2.112999999999999989e+00 3.384330000000000194e+29
1.049670000000000000e+14 3.369080000000000003e+32 6.227119999999999613e+37 2.107000000000000206e+00 3.384959999999999683e+29
1.044940000000000000e+14 3.339909999999999837e+32 6.199160000000000366e+37 2.101999999999999869e+00 3.385449999999999755e+29
1.040210000000000000e+14 3.310940000000000184e+32 6.171200000000000174e+37 2.096000000000000085e+00 3.385810000000000267e+29
1.035480000000000000e+14 3.282179999999999735e+32 6.143239999999999982e+37 2.089999999999999858e+00 3.386039999999999812e+29
1.030750000000000000e+14 3.253619999999999799e+32 6.115279999999999790e+37 2.084000000000000075e+00 3.386139999999999798e+29
1.026020000000000000e+14 3.225249999999999881e+32 6.087319999999999599e+37 2.079000000000000181e+00 3.386120000000000082e+29
1.021290000000000000e+14 3.197089999999999888e+32 6.059360000000000351e+37 2.072999999999999954e+00 3.385960000000000246e+29
1.016570000000000000e+14 3.169119999999999914e+32 6.031400000000000159e+37 2.067000000000000171e+00 3.385680000000000004e+29
1.011840000000000000e+14 3.141359999999999865e+32 6.003439999999999967e+37 2.060999999999999943e+00 3.385270000000000202e+29
1.007110000000000000e+14 3.113780000000000061e+32 5.975479999999999776e+37 2.056000000000000050e+00 3.384730000000000138e+29
1.002380000000000000e+14 3.086409999999999822e+32 5.947519999999999584e+37 2.049999999999999822e+00 3.384069999999999668e+29
9.976510000000000000e+13 3.059219999999999827e+32 5.919560000000000336e+37 2.044000000000000039e+00 3.383280000000000342e+29
9.929230000000000000e+13 3.032229999999999985e+32 5.891600000000000144e+37 2.037999999999999812e+00 3.382360000000000050e+29
9.881950000000000000e+13 3.005430000000000161e+32 5.863639999999999953e+37 2.032999999999999918e+00 3.381320000000000056e+29
9.834670000000000000e+13 2.978830000000000129e+32 5.835679999999999761e+37 2.027000000000000135e+00 3.380149999999999798e+29
9.787400000000000000e+13 2.952409999999999981e+32 5.807719999999999569e+37 2.020999999999999908e+00 3.378849999999999982e+29
9.740120000000000000e+13 2.926179999999999851e+32 5.779760000000000321e+37 2.015000000000000124e+00 3.377440000000000321e+29
9.692850000000000000e+13 2.900129999999999966e+32 5.751800000000000130e+37 2.009999999999999787e+00 3.375899999999999694e+29
9.645570000000000000e+13 2.874270000000000100e+32 5.723839999999999938e+37 2.004000000000000004e+00 3.374240000000000069e+29
9.598300000000000000e+13 2.848599999999999891e+32 5.695879999999999746e+37 1.997999999999999998e+00 3.372450000000000180e+29
9.551030000000000000e+13 2.823109999999999927e+32 5.667919999999999554e+37 1.991999999999999993e+00 3.370549999999999745e+29
9.503760000000000000e+13 2.797799999999999848e+32 5.639960000000000307e+37 1.987000000000000099e+00 3.368519999999999749e+29
9.456490000000000000e+13 2.772670000000000014e+32 5.612000000000000115e+37 1.981000000000000094e+00 3.366379999999999910e+29
9.409230000000000000e+13 2.747729999999999837e+32 5.584039999999999923e+37 1.975000000000000089e+00 3.364109999999999808e+29
9.361960000000000000e+13 2.722960000000000132e+32 5.556079999999999731e+37 1.969000000000000083e+00 3.361729999999999862e+29
9.314700000000000000e+13 2.698369999999999951e+32 5.528119999999999539e+37 1.963999999999999968e+00 3.359230000000000215e+29
9.267440000000000000e+13 2.673960000000000015e+32 5.500160000000000292e+37 1.957999999999999963e+00 3.356610000000000162e+29
9.220180000000000000e+13 2.649719999999999830e+32 5.472200000000000100e+37 1.951999999999999957e+00 3.353869999999999704e+29
9.172920000000000000e+13 2.625659999999999890e+32 5.444239999999999908e+37 1.947000000000000064e+00 3.351020000000000106e+29
9.125660000000000000e+13 2.601759999999999927e+32 5.416279999999999716e+37 1.941000000000000059e+00 3.348059999999999960e+29
9.078400000000000000e+13 2.578039999999999849e+32 5.388320000000000469e+37 1.935000000000000053e+00 3.344980000000000113e+29
9.031150000000000000e+13 2.554500000000000016e+32 5.360360000000000277e+37 1.929000000000000048e+00 3.341789999999999718e+29
8.983900000000000000e+13 2.531120000000000160e+32 5.332400000000000085e+37 1.923999999999999932e+00 3.338480000000000326e+29
8.936640000000000000e+13 2.507910000000000055e+32 5.304439999999999893e+37 1.917999999999999927e+00 3.335070000000000244e+29
8.889390000000000000e+13 2.486870000000000139e+32 5.276479999999999701e+37 1.911999999999999922e+00 4.044330000000000021e+29
8.842140000000000000e+13 2.464020000000000163e+32 5.248520000000000454e+37 1.907000000000000028e+00 4.029899999999999664e+29
8.794890000000000000e+13 2.441320000000000031e+32 5.220560000000000262e+37 1.901000000000000023e+00 4.015410000000000159e+29
8.747650000000000000e+13 2.418790000000000010e+32 5.192600000000000070e+37 1.895000000000000018e+00 4.000860000000000099e+29
8.700400000000000000e+13 2.396419999999999967e+32 5.164639999999999878e+37 1.889999999999999902e+00 3.986240000000000331e+29
8.653160000000000000e+13 2.374220000000000035e+32 5.136679999999999686e+37 1.883999999999999897e+00 3.971569999999999866e+29
8.605910000000000000e+13 2.352169999999999946e+32 5.108720000000000439e+37 1.877999999999999892e+00 3.956840000000000254e+29
8.558670000000000000e+13 2.330279999999999835e+32 5.080760000000000247e+37 1.872999999999999998e+00 3.942040000000000230e+29
8.511430000000000000e+13 2.308550000000000062e+32 5.052800000000000055e+37 1.866999999999999993e+00 3.927190000000000213e+29
8.464190000000000000e+13 2.286970000000000132e+32 5.024839999999999863e+37 1.862000000000000099e+00 3.912290000000000202e+29
8.416960000000000000e+13 2.265550000000000180e+32 4.996879999999999671e+37 1.856000000000000094e+00 3.897319999999999780e+29
8.369720000000000000e+13 2.244280000000000072e+32 4.968920000000000424e+37 1.850999999999999979e+00 3.882309999999999926e+29
8.322480000000000000e+13 2.223160000000000167e+32 4.940960000000000232e+37 1.844999999999999973e+00 3.867229999999999660e+29
8.275250000000000000e+13 2.202190000000000107e+32 4.913000000000000040e+37 1.840000000000000080e+00 3.852109999999999962e+29
8.228020000000000000e+13 2.181380000000000023e+32 4.885039999999999848e+37 1.834000000000000075e+00 3.836929999999999710e+29
8.180790000000000000e+13 2.160710000000000010e+32 4.857079999999999657e+37 1.828999999999999959e+00 3.821700000000000168e+29
8.133560000000000000e+13 2.140189999999999841e+32 4.829120000000000409e+37 1.822999999999999954e+00 3.806419999999999930e+29
8.086330000000000000e+13 2.119819999999999876e+32 4.801160000000000217e+37 1.818000000000000060e+00 3.791089999999999699e+29
8.039100000000000000e+13 2.099589999999999981e+32 4.773200000000000025e+37 1.812000000000000055e+00 3.775710000000000179e+29
7.991880000000000000e+13 2.079509999999999930e+32 4.745239999999999834e+37 1.806999999999999940e+00 3.760289999999999820e+29
7.944650000000000000e+13 2.059569999999999950e+32 4.717279999999999642e+37 1.802000000000000046e+00 3.744810000000000314e+29
7.897430000000000000e+13 2.039770000000000039e+32 4.689320000000000394e+37 1.796000000000000041e+00 3.729289999999999969e+29
7.850210000000000000e+13 2.020109999999999839e+32 4.661360000000000202e+37 1.790999999999999925e+00 3.713720000000000335e+29
7.802990000000000000e+13 2.000590000000000069e+32 4.633400000000000011e+37 1.786000000000000032e+00 3.698109999999999862e+29
7.755770000000000000e+13 1.981210000000000010e+32 4.605439999999999819e+37 1.780999999999999917e+00 3.682450000000000099e+29
7.708550000000000000e+13 1.961970000000000020e+32 4.577479999999999627e+37 1.774999999999999911e+00 3.666740000000000344e+29
7.661330000000000000e+13 1.942859999999999967e+32 4.549520000000000379e+37 1.770000000000000018e+00 3.651000000000000312e+29
7.614120000000000000e+13 1.923889999999999985e+32 4.521560000000000188e+37 1.764999999999999902e+00 3.635210000000000286e+29
7.566900000000000000e+13 1.905049999999999939e+32 4.493599999999999996e+37 1.760000000000000009e+00 3.619370000000000268e+29
7.519690000000000000e+13 1.886339999999999830e+32 4.465639999999999804e+37 1.754999999999999893e+00 3.603499999999999972e+29
7.472480000000000000e+13 1.867760000000000018e+32 4.437679999999999612e+37 1.750000000000000000e+00 3.587579999999999684e+29
7.425270000000000000e+13 1.849319999999999916e+32 4.409720000000000365e+37 1.745000000000000107e+00 3.571619999999999964e+29
7.378060000000000000e+13 1.830999999999999977e+32 4.381760000000000173e+37 1.739999999999999991e+00 3.555620000000000109e+29
7.330850000000000000e+13 1.812809999999999975e+32 4.353799999999999981e+37 1.735000000000000098e+00 3.539589999999999976e+29
7.283650000000000000e+13 1.794749999999999909e+32 4.325839999999999789e+37 1.729999999999999982e+00 3.523509999999999851e+29
7.236440000000000000e+13 1.776810000000000007e+32 4.297879999999999597e+37 1.725000000000000089e+00 3.507390000000000294e+29
7.189240000000000000e+13 1.758989999999999907e+32 4.269920000000000350e+37 1.719999999999999973e+00 3.491229999999999899e+29
7.142030000000000000e+13 1.741300000000000105e+32 4.241960000000000158e+37 1.715000000000000080e+00 3.475039999999999930e+29
7.094830000000000000e+13 1.723730000000000105e+32 4.213999999999999966e+37 1.709999999999999964e+00 3.458799999999999968e+29
7.047630000000000000e+13 1.706290000000000042e+32 4.186039999999999774e+37 1.705000000000000071e+00 3.442529999999999729e+29
7.000430000000000000e+13 1.688960000000000009e+32 4.158080000000000054e+37 1.701000000000000068e+00 3.426220000000000058e+29
6.953240000000000000e+13 1.671750000000000138e+32 4.130119999999999863e+37 1.695999999999999952e+00 3.409880000000000110e+29
6.906040000000000000e+13 1.654660000000000071e+32 4.102160000000000143e+37 1.691000000000000059e+00 3.393490000000000169e+29
6.858850000000000000e+13 1.637680000000000033e+32 4.074199999999999951e+37 1.687000000000000055e+00 3.377069999999999951e+29
6.811650000000000000e+13 1.620819999999999979e+32 4.046240000000000231e+37 1.681999999999999940e+00 3.360620000000000160e+29
6.764460000000000000e+13 1.604069999999999953e+32 4.018280000000000040e+37 1.677999999999999936e+00 3.344119999999999671e+29
6.717270000000000000e+13 1.587439999999999911e+32 3.990319999999999848e+37 1.673000000000000043e+00 3.327590000000000313e+29
6.670080000000000000e+13 1.570909999999999945e+32 3.962360000000000128e+37 1.669000000000000039e+00 3.311029999999999974e+29
6.622890000000000000e+13 1.554499999999999962e+32 3.934399999999999936e+37 1.663999999999999924e+00 3.294420000000000346e+29
6.575710000000000000e+13 1.538200000000000009e+32 3.906440000000000217e+37 1.659999999999999920e+00 3.277779999999999736e+29
6.528520000000000000e+13 1.521999999999999951e+32 3.878480000000000025e+37 1.655999999999999917e+00 3.261110000000000257e+29
6.481340000000000000e+13 1.505909999999999923e+32 3.850519999999999833e+37 1.651000000000000023e+00 3.244399999999999939e+29
6.434150000000000000e+13 1.489929999999999924e+32 3.822560000000000113e+37 1.647000000000000020e+00 3.227650000000000190e+29
6.386970000000000000e+13 1.474050000000000001e+32 3.794599999999999921e+37 1.643000000000000016e+00 3.210870000000000164e+29
6.339790000000000000e+13 1.458279999999999928e+32 3.766640000000000202e+37 1.639000000000000012e+00 3.194050000000000002e+29
6.292610000000000000e+13 1.442609999999999931e+32 3.738680000000000010e+37 1.635000000000000009e+00 3.177189999999999705e+29
6.245430000000000000e+13 1.427040000000000010e+32 3.710719999999999818e+37 1.631000000000000005e+00 3.160299999999999835e+29
6.198260000000000000e+13 1.411569999999999984e+32 3.682760000000000098e+37 1.627000000000000002e+00 3.143369999999999829e+29
6.151080000000000000e+13 1.396209999999999988e+32 3.654799999999999906e+37 1.622999999999999998e+00 3.126400000000000041e+29
6.103910000000000000e+13 1.380939999999999934e+32 3.626840000000000187e+37 1.618999999999999995e+00 3.109399999999999975e+29
6.056740000000000000e+13 1.365760000000000003e+32 3.598879999999999995e+37 1.614999999999999991e+00 3.092360000000000126e+29
6.009560000000000000e+13 1.350689999999999921e+32 3.570919999999999803e+37 1.612000000000000099e+00 3.075280000000000141e+29
5.962390000000000000e+13 1.335700000000000008e+32 3.542960000000000083e+37 1.608000000000000096e+00 3.058160000000000022e+29
5.915230000000000000e+13 1.320819999999999944e+32 3.514999999999999892e+37 1.604000000000000092e+00 3.041009999999999977e+29
5.868060000000000000e+13 1.306020000000000050e+32 3.487040000000000172e+37 1.600999999999999979e+00 3.023820000000000149e+29
5.820890000000000000e+13 1.291320000000000051e+32 3.459079999999999980e+37 1.596999999999999975e+00 3.006579999999999976e+29
5.773730000000000000e+13 1.276709999999999994e+32 3.431119999999999788e+37 1.594000000000000083e+00 2.989309999999999878e+29
5.726560000000000000e+13 1.262190000000000060e+32 3.403160000000000069e+37 1.590000000000000080e+00 2.971999999999999997e+29
5.679400000000000000e+13 1.247749999999999934e+32 3.375199999999999877e+37 1.586999999999999966e+00 2.954649999999999980e+29
5.632240000000000000e+13 1.233410000000000064e+32 3.347240000000000157e+37 1.584000000000000075e+00 2.937259999999999828e+29
5.585080000000000000e+13 1.219150000000000003e+32 3.319279999999999965e+37 1.580999999999999961e+00 2.919829999999999893e+29
5.537920000000000000e+13 1.204980000000000065e+32 3.291319999999999773e+37 1.578000000000000069e+00 2.902360000000000175e+29
5.490770000000000000e+13 1.190889999999999935e+32 3.263360000000000054e+37 1.574000000000000066e+00 2.884840000000000112e+29
5.443610000000000000e+13 1.176879999999999974e+32 3.235399999999999862e+37 1.570999999999999952e+00 2.867279999999999914e+29
5.396460000000000000e+13 1.162959999999999955e+32 3.207440000000000142e+37 1.568000000000000060e+00 2.849679999999999933e+29
5.349300000000000000e+13 1.149119999999999925e+32 3.179479999999999950e+37 1.566000000000000059e+00 2.832040000000000168e+29
5.302150000000000000e+13 1.135360000000000063e+32 3.151520000000000231e+37 1.562999999999999945e+00 2.814350000000000059e+29
5.255000000000000000e+13 1.121689999999999964e+32 3.123560000000000039e+37 1.560000000000000053e+00 2.796609999999999957e+29
5.207850000000000000e+13 1.108090000000000080e+32 3.095599999999999847e+37 1.556999999999999940e+00 2.778830000000000071e+29
5.160710000000000000e+13 1.094560000000000051e+32 3.067640000000000127e+37 1.554999999999999938e+00 2.761010000000000050e+29
5.113560000000000000e+13 1.081119999999999965e+32 3.039679999999999935e+37 1.552000000000000046e+00 2.743129999999999827e+29
5.066410000000000000e+13 1.067749999999999913e+32 3.011720000000000216e+37 1.550000000000000044e+00 2.725210000000000172e+29
5.019270000000000000e+13 1.054460000000000031e+32 2.983760000000000024e+37 1.546999999999999931e+00 2.707240000000000173e+29
4.972130000000000000e+13 1.041240000000000003e+32 2.955799999999999832e+37 1.544999999999999929e+00 2.689219999999999829e+29
4.924990000000000000e+13 1.028090000000000011e+32 2.927840000000000112e+37 1.542999999999999927e+00 2.671149999999999843e+29
4.877850000000000000e+13 1.015020000000000008e+32 2.899879999999999921e+37 1.540000000000000036e+00 2.653029999999999865e+29
4.830710000000000000e+13 1.002010000000000086e+32 2.871920000000000201e+37 1.538000000000000034e+00 2.634850000000000036e+29
4.783580000000000000e+13 9.890819999999999268e+31 2.843960000000000009e+37 1.536000000000000032e+00 2.616630000000000071e+29
4.736440000000000000e+13 9.762200000000000740e+31 2.815999999999999817e+37 1.534000000000000030e+00 2.598340000000000047e+29
4.689310000000000000e+13 9.634259999999999414e+31 2.788040000000000098e+37 1.532000000000000028e+00 2.580009999999999887e+29
4.642170000000000000e+13 9.507010000000000467e+31 2.760079999999999906e+37 1.530000000000000027e+00 2.561610000000000018e+29
4.595040000000000000e+13 9.380430000000000751e+31 2.732120000000000186e+37 1.528999999999999915e+00 2.543160000000000157e+29
4.547910000000000000e+13 9.254520000000000264e+31 2.704159999999999994e+37 1.526999999999999913e+00 2.524659999999999950e+29
4.500790000000000000e+13 9.129259999999999461e+31 2.676199999999999802e+37 1.524999999999999911e+00 2.506090000000000035e+29
4.453660000000000000e+13 9.004640000000000369e+31 2.648240000000000083e+37 1.524000000000000021e+00 2.487459999999999918e+29
4.406530000000000000e+13 8.880669999999999159e+31 2.620279999999999891e+37 1.522000000000000020e+00 2.468769999999999950e+29
4.359410000000000000e+13 8.757329999999999886e+31 2.592320000000000171e+37 1.520999999999999908e+00 2.450020000000000130e+29
4.312290000000000000e+13 8.634609999999999175e+31 2.564359999999999979e+37 1.520000000000000018e+00 2.431210000000000109e+29
4.265170000000000000e+13 8.512510000000000629e+31 2.536399999999999787e+37 1.518000000000000016e+00 2.412330000000000026e+29
4.218050000000000000e+13 8.391020000000000870e+31 2.508440000000000068e+37 1.516999999999999904e+00 2.393379999999999883e+29
4.170930000000000000e+13 8.270139999999999900e+31 2.480479999999999876e+37 1.516000000000000014e+00 2.374369999999999890e+29
4.123820000000000000e+13 8.149840000000000199e+31 2.452520000000000156e+37 1.514999999999999902e+00 2.355289999999999836e+29
4.076700000000000000e+13 8.030140000000000413e+31 2.424559999999999964e+37 1.514000000000000012e+00 2.336140000000000073e+29
4.029590000000000000e+13 7.911020000000000095e+31 2.396599999999999773e+37 1.512999999999999901e+00 2.316919999999999898e+29
3.982480000000000000e+13 7.792480000000000146e+31 2.368640000000000053e+37 1.512999999999999901e+00 2.297630000000000014e+29
3.935370000000000000e+13 7.674500000000000118e+31 2.340679999999999861e+37 1.512000000000000011e+00 2.278259999999999860e+29
3.888260000000000000e+13 7.557089999999999784e+31 2.312720000000000141e+37 1.510999999999999899e+00 2.258819999999999997e+29
3.841150000000000000e+13 7.440240000000000272e+31 2.284759999999999950e+37 1.510999999999999899e+00 2.239299999999999865e+29
3.794050000000000000e+13 7.323930000000000233e+31 2.256800000000000230e+37 1.510000000000000009e+00 2.219700000000000165e+29
3.746940000000000000e+13 7.208170000000000342e+31 2.228840000000000038e+37 1.510000000000000009e+00 2.200030000000000054e+29
3.699840000000000000e+13 7.092959999999999698e+31 2.200879999999999846e+37 1.510000000000000009e+00 2.180270000000000166e+29
3.652740000000000000e+13 6.978269999999999882e+31 2.172920000000000127e+37 1.510000000000000009e+00 2.160430000000000008e+29
3.605640000000000000e+13 6.864120000000000439e+31 2.144959999999999935e+37 1.508999999999999897e+00 2.140509999999999931e+29
3.558540000000000000e+13 6.750499999999999796e+31 2.116999999999999979e+37 1.508999999999999897e+00 2.120509999999999936e+29
3.511450000000000000e+13 6.637390000000000207e+31 2.089040000000000023e+37 1.510000000000000009e+00 2.100409999999999956e+29
3.464350000000000000e+13 6.524799999999999644e+31 2.061080000000000067e+37 1.510000000000000009e+00 2.080230000000000057e+29
3.417260000000000000e+13 6.412720000000000135e+31 2.033120000000000112e+37 1.510000000000000009e+00 2.059960000000000030e+29
3.370170000000000000e+13 6.301149999999999879e+31 2.005159999999999920e+37 1.510000000000000009e+00 2.039599999999999875e+29
3.323080000000000000e+13 6.190089999999999775e+31 1.977199999999999964e+37 1.510999999999999899e+00 2.019149999999999943e+29
3.275990000000000000e+13 6.079530000000000052e+31 1.949240000000000008e+37 1.510999999999999899e+00 1.998600000000000026e+29
3.228910000000000000e+13 5.969469999999999808e+31 1.921280000000000053e+37 1.512000000000000011e+00 1.977959999999999981e+29
3.181830000000000000e+13 5.859900000000000170e+31 1.893320000000000097e+37 1.512000000000000011e+00 1.957219999999999950e+29
3.134740000000000000e+13 5.750830000000000011e+31 1.865359999999999905e+37 1.512999999999999901e+00 1.936379999999999933e+29
3.087660000000000000e+13 5.642239999999999785e+31 1.837399999999999949e+37 1.514000000000000012e+00 1.915439999999999930e+29
3.040580000000000000e+13 5.534149999999999939e+31 1.809439999999999993e+37 1.514999999999999902e+00 1.894390000000000083e+29
2.993510000000000000e+13 5.426540000000000024e+31 1.781480000000000038e+37 1.516000000000000014e+00 1.873250000000000108e+29
2.946430000000000000e+13 5.319429999999999589e+31 1.753520000000000082e+37 1.516999999999999904e+00 1.851990000000000080e+29
2.899360000000000000e+13 5.212790000000000214e+31 1.725559999999999890e+37 1.518000000000000016e+00 1.830630000000000066e+29
2.852290000000000000e+13 5.106639999999999644e+31 1.697599999999999934e+37 1.520000000000000018e+00 1.809159999999999856e+29
2.805220000000000000e+13 5.000979999999999680e+31 1.669639999999999979e+37 1.520999999999999908e+00 1.787580000000000154e+29
2.758150000000000000e+13 4.895799999999999648e+31 1.641680000000000023e+37 1.522999999999999909e+00 1.765889999999999905e+29
2.711090000000000000e+13 4.791110000000000223e+31 1.613720000000000067e+37 1.524000000000000021e+00 1.744079999999999955e+29
2.664030000000000000e+13 4.686909999999999603e+31 1.585760000000000111e+37 1.526000000000000023e+00 1.722149999999999951e+29
2.616970000000000000e+13 4.583189999999999816e+31 1.557799999999999919e+37 1.528000000000000025e+00 1.700110000000000103e+29
2.569910000000000000e+13 4.479959999999999734e+31 1.529839999999999964e+37 1.528999999999999915e+00 1.677939999999999992e+29
2.522850000000000000e+13 4.377230000000000033e+31 1.501880000000000008e+37 1.530999999999999917e+00 1.655660000000000037e+29
2.475800000000000000e+13 4.274990000000000037e+31 1.473920000000000052e+37 1.532999999999999918e+00 1.633250000000000171e+29
2.428740000000000000e+13 4.173260000000000195e+31 1.445960000000000096e+37 1.536000000000000032e+00 1.610710000000000042e+29
2.381690000000000000e+13 4.072020000000000058e+31 1.417999999999999905e+37 1.538000000000000034e+00 1.588049999999999859e+29
2.334640000000000000e+13 3.971290000000000074e+31 1.390039999999999949e+37 1.540000000000000036e+00 1.565259999999999941e+29
2.287600000000000000e+13 3.871080000000000018e+31 1.362079999999999993e+37 1.542000000000000037e+00 1.542330000000000078e+29
2.240550000000000000e+13 3.771380000000000114e+31 1.334120000000000037e+37 1.544999999999999929e+00 1.519269999999999952e+29
2.193510000000000000e+13 3.672209999999999911e+31 1.306160000000000082e+37 1.548000000000000043e+00 1.496079999999999914e+29
2.146470000000000000e+13 3.573569999999999858e+31 1.278199999999999890e+37 1.550000000000000044e+00 1.472740000000000074e+29
2.099440000000000000e+13 3.475470000000000179e+31 1.250239999999999934e+37 1.552999999999999936e+00 1.449269999999999970e+29
2.052400000000000000e+13 3.377920000000000197e+31 1.222279999999999978e+37 1.556000000000000050e+00 1.425659999999999921e+29
2.005370000000000000e+13 3.280919999999999913e+31 1.194320000000000022e+37 1.558999999999999941e+00 1.401900000000000070e+29
1.958340000000000000e+13 3.184490000000000224e+31 1.166360000000000067e+37 1.562000000000000055e+00 1.377999999999999921e+29
1.911310000000000000e+13 3.088640000000000003e+31 1.138400000000000111e+37 1.564999999999999947e+00 1.353939999999999936e+29
1.864290000000000000e+13 2.993379999999999923e+31 1.110439999999999919e+37 1.568999999999999950e+00 1.329740000000000005e+29
1.817270000000000000e+13 2.898729999999999983e+31 1.082479999999999963e+37 1.572000000000000064e+00 1.305380000000000062e+29
1.770250000000000000e+13 2.804679999999999959e+31 1.054520000000000008e+37 1.574999999999999956e+00 1.280869999999999965e+29
1.723230000000000000e+13 2.711269999999999844e+31 1.026560000000000052e+37 1.578999999999999959e+00 1.256200000000000030e+29
1.676220000000000000e+13 2.618509999999999862e+31 9.985999999999999780e+36 1.582999999999999963e+00 1.231370000000000083e+29
1.629210000000000000e+13 2.526420000000000012e+31 9.706400000000000223e+36 1.586999999999999966e+00 1.206379999999999948e+29
1.582200000000000000e+13 2.434999999999999842e+31 9.426799999999999485e+36 1.590000000000000080e+00 1.181219999999999942e+29
1.535200000000000000e+13 2.344300000000000020e+31 9.147199999999999927e+36 1.594000000000000083e+00 1.155899999999999923e+29
1.488190000000000000e+13 2.254309999999999873e+31 8.867600000000000370e+36 1.598999999999999977e+00 1.130400000000000000e+29
1.441200000000000000e+13 2.165080000000000070e+31 8.587999999999999632e+36 1.602999999999999980e+00 1.104730000000000030e+29
1.394200000000000000e+13 2.076619999999999932e+31 8.308400000000000074e+36 1.606999999999999984e+00 1.078879999999999981e+29
1.347210000000000000e+13 1.988959999999999908e+31 8.028800000000000517e+36 1.612000000000000099e+00 1.052850000000000027e+29
1.300220000000000000e+13 1.902129999999999991e+31 7.749199999999999779e+36 1.616000000000000103e+00 1.026629999999999959e+29
1.253230000000000000e+13 1.816159999999999953e+31 7.469600000000000221e+36 1.620999999999999996e+00 1.000229999999999987e+29
1.206250000000000000e+13 1.731080000000000014e+31 7.189999999999999483e+36 1.625000000000000000e+00 9.736280000000000721e+28
1.159270000000000000e+13 1.646939999999999944e+31 6.910399999999999926e+36 1.629999999999999893e+00 9.468319999999999237e+28
1.112300000000000000e+13 1.563759999999999962e+31 6.630800000000000368e+36 1.635000000000000009e+00 9.198340000000000079e+28
1.065330000000000000e+13 1.481600000000000063e+31 6.351199999999999630e+36 1.639999999999999902e+00 8.926270000000000723e+28
1.018360000000000000e+13 1.400490000000000015e+31 6.071600000000000072e+36 1.645000000000000018e+00 8.652050000000000263e+28
9.713980000000000000e+12 1.320500000000000035e+31 5.792000000000000515e+36 1.649999999999999911e+00 8.375599999999999836e+28
9.244390000000000000e+12 1.241659999999999892e+31 5.512399999999999777e+36 1.655000000000000027e+00 8.096860000000000294e+28
8.774850000000000000e+12 1.164040000000000028e+31 5.232800000000000219e+36 1.659999999999999920e+00 7.815719999999999684e+28
8.305350000000000000e+12 1.087699999999999983e+31 4.953200000000000071e+36 1.665000000000000036e+00 7.532069999999999568e+28
7.835900000000000000e+12 1.012719999999999972e+31 4.673599999999999924e+36 1.669999999999999929e+00 7.245799999999999751e+28
7.366490000000000000e+12 9.391659999999999843e+30 4.393999999999999776e+36 1.675000000000000044e+00 6.956749999999999869e+28
6.897140000000000000e+12 8.671260000000000088e+30 4.114400000000000218e+36 1.679000000000000048e+00 6.664739999999999841e+28
6.427840000000000000e+12 7.966920000000000320e+30 3.834800000000000071e+36 1.683999999999999941e+00 6.369550000000000156e+28
5.958600000000000000e+12 7.279670000000000394e+30 3.555199999999999923e+36 1.687000000000000055e+00 6.070929999999999970e+28
5.489410000000000000e+12 6.610650000000000150e+30 3.275599999999999775e+36 1.691000000000000059e+00 5.768539999999999717e+28
5.020290000000000000e+12 5.961160000000000529e+30 2.996000000000000217e+36 1.693000000000000060e+00 5.461960000000000090e+28
4.551230000000000000e+12 5.332640000000000204e+30 2.716400000000000070e+36 1.693999999999999950e+00 5.150630000000000253e+28
4.082240000000000000e+12 4.726730000000000068e+30 2.436799999999999922e+36 1.693000000000000060e+00 4.833839999999999743e+28
3.613320000000000000e+12 4.145279999999999861e+30 2.157200000000000069e+36 1.689000000000000057e+00 4.510579999999999724e+28
3.144480000000000000e+12 3.590419999999999846e+30 1.877599999999999921e+36 1.681000000000000050e+00 4.179410000000000432e+28
2.675730000000000000e+12 3.064570000000000244e+30 1.598000000000000069e+36 1.667999999999999927e+00 3.838190000000000183e+28
2.207080000000000000e+12 2.570420000000000113e+30 1.318400000000000068e+36 1.645000000000000018e+00 3.483430000000000207e+28
1.738530000000000000e+12 2.110739999999999907e+30 1.038800000000000068e+36 1.606999999999999984e+00 3.108870000000000208e+28
1.270110000000000000e+12 1.687069999999999971e+30 7.592000000000000680e+35 1.544000000000000039e+00 2.701009999999999890e+28
8.018490000000000000e+11 1.289769999999999976e+30 4.795999999999999940e+35 1.431000000000000050e+00 2.215369999999999967e+28
4.299000000000000000e+11 7.805000000000000069e+29 2.572000000000000181e+35 1.330000000000000071e+00 1.506450000000000062e+28
4.188000000000000000e+11 7.537999999999999717e+29 2.505999999999999897e+35 1.330000000000000071e+00 1.455129999999999927e+28
3.325000000000000000e+11 5.815999999999999745e+29 1.990000000000000163e+35 1.330000000000000071e+00 1.165809999999999924e+28
2.640000000000000000e+11 4.472999999999999815e+29 1.581000000000000083e+35 1.330000000000000071e+00 9.297799999999999813e+27
2.096000000000000000e+11 3.289999999999999843e+29 1.256000000000000028e+35 1.330000000000000071e+00 6.841069999999999801e+27
1.844000000000000000e+11 2.892000000000000018e+29 1.105000000000000000e+35 1.330000000000000071e+00 6.221810000000000396e+27
1.664000000000000000e+11 2.597000000000000095e+29 9.975999999999999784e+34 1.330000000000000071e+00 3.996079999999999920e+27
1.322000000000000000e+11 2.033000000000000102e+29 7.923999999999999875e+34 1.330000000000000071e+00 3.293160000000000158e+27
1.049000000000000000e+11 1.494999999999999961e+29 6.294000000000000085e+34 1.330000000000000071e+00 2.422460000000000012e+27
8.332000000000000000e+10 1.100000000000000064e+29 4.999999999999999843e+34 1.330000000000000071e+00 1.782300000000000002e+27
6.617000000000000000e+10 8.088999999999999432e+28 3.971999999999999897e+34 1.330000000000000071e+00 1.311289999999999924e+27
5.254000000000000000e+10 5.949000000000000344e+28 3.155000000000000010e+34 1.330000000000000071e+00 9.646129999999999985e+26
4.172000000000000000e+10 4.628000000000000126e+28 2.505999999999999897e+34 1.330000000000000071e+00 7.875200000000000595e+26
3.313000000000000000e+10 3.403999999999999866e+28 1.989999999999999932e+34 1.330000000000000071e+00 5.791050000000000196e+26
2.631000000000000000e+10 2.502999999999999803e+28 1.580999999999999991e+34 1.330000000000000071e+00 4.261170000000000143e+26
2.090000000000000000e+10 1.938000000000000082e+28 1.255999999999999936e+34 1.330000000000000071e+00 3.451690000000000088e+26
1.659000000000000000e+10 1.425000000000000067e+28 9.976000000000000246e+33 1.330000000000000071e+00 2.538950000000000110e+26
1.318000000000000000e+10 1.048000000000000007e+28 7.924000000000000337e+33 1.330000000000000071e+00 1.867689999999999969e+26
1.046000000000000000e+10 7.701999999999999683e+27 6.294000000000000085e+33 1.330000000000000071e+00 1.373879999999999975e+26
8.312000000000000000e+09 5.662000000000000348e+27 4.999999999999999728e+33 1.330000000000000071e+00 1.010819999999999921e+26
6.601000000000000000e+09 4.362000000000000029e+27 3.972000000000000127e+33 1.330000000000000071e+00 8.130089999999999436e+25
4.164000000000000000e+09 2.356000000000000079e+27 2.505999999999999955e+33 1.330000000000000071e+00 4.399369999999999874e+25
2.626000000000000000e+09 1.272000000000000034e+27 1.580999999999999991e+33 1.330000000000000071e+00 2.380450000000000180e+25
1.657000000000000000e+09 6.859999999999999767e+26 9.975999999999999957e+32 1.330000000000000071e+00 1.288319999999999913e+25
1.316000000000000000e+09 5.036000000000000296e+26 7.924000000000000337e+32 1.330000000000000071e+00 9.477099999999999527e+24
1.045000000000000000e+09 4.128999999999999924e+26 6.293999999999999941e+32 1.330000000000000071e+00 6.794269999999999770e+24
8.301000000000000000e+08 3.039000000000000162e+26 4.999999999999999728e+32 1.330000000000000071e+00 4.998809999999999830e+24
5.237000000000000000e+08 1.628999999999999891e+26 3.154999999999999923e+32 1.330000000000000071e+00 2.705450000000000161e+24
3.304000000000000000e+08 8.737999999999999925e+25 1.990000000000000076e+32 1.330000000000000071e+00 1.463449999999999964e+24
2.624000000000000000e+08 6.675999999999999817e+25 1.580999999999999919e+32 1.330000000000000071e+00 1.123400000000000065e+24
1.315000000000000000e+08 2.603999999999999941e+25 7.923999999999999616e+31 1.330000000000000071e+00 4.472499999999999827e+23
6.589000000000000000e+07 1.006000000000000014e+25 3.972000000000000199e+31 1.330000000000000071e+00 1.780890000000000165e+23
3.302000000000000000e+07 3.832999999999999839e+24 1.989999999999999986e+31 1.330000000000000071e+00 7.086450000000000092e+22
1.655000000000000000e+07 1.435000000000000086e+24 9.975999999999999642e+30 1.330000000000000071e+00 2.822060000000000131e+22
8.293000000000000000e+06 5.250000000000000315e+23 4.999999999999999818e+30 1.330000000000000071e+00 1.123529999999999934e+22
6.588000000000000000e+06 3.910999999999999759e+23 3.972000000000000087e+30 1.330000000000000071e+00 8.163429999999999541e+21
2.622000000000000000e+06 9.754999999999999214e+22 1.581000000000000009e+30 1.330000000000000071e+00 2.390210000000000197e+21
1.044000000000000000e+06 2.318000000000000105e+22 6.293999999999999902e+29 1.330000000000000071e+00 6.999960000000000000e+20
4.156000000000000000e+05 5.265999999999999476e+21 2.505999999999999907e+29 1.330000000000000071e+00 2.050380000000000000e+20
1.654000000000000000e+05 1.151000000000000000e+21 9.976000000000000768e+28 1.330000000000000071e+00 6.004390000000000000e+19
6.587000000000000000e+04 2.431000000000000000e+20 3.972000000000000263e+28 1.330000000000000071e+00 1.758760000000000000e+19
2.622000000000000000e+04 4.968000000000000000e+19 1.581000000000000061e+28 1.330000000000000071e+00 5.149550000000000000e+18
1.044000000000000000e+04 9.744000000000000000e+18 6.294999999999999717e+27 1.330000000000000071e+00 1.508420000000000000e+18
